# Force       
# CofR        : 0.000000e+00 0.000000e+00 0.000000e+00
#
# Time        	total_x total_y total_z	pressure_x pressure_y pressure_z	viscous_x viscous_y viscous_z
0.004166      	-3.950881e-05 -2.494999e-04 9.176757e+01	-4.943601e-05 -2.646792e-04 9.128837e+01	9.927200e-06 1.517935e-05 4.792056e-01
0.008332      	2.000554e-05 -7.978240e-05 -8.223278e+00	6.546820e-06 -1.063735e-04 -8.469736e+00	1.345872e-05 2.659115e-05 2.464577e-01
0.012498      	-1.079827e-05 -3.441040e-05 -1.202555e+01	-2.888136e-05 -6.640511e-05 -1.219158e+01	1.808309e-05 3.199471e-05 1.660343e-01
0.016664      	-1.508762e-05 -2.075023e-05 -1.216056e+00	-3.998318e-05 -5.538330e-05 -1.316879e+00	2.489557e-05 3.463306e-05 1.008236e-01
0.02083       	-2.193205e-05 -7.042400e-05 6.231107e-01	-5.058736e-05 -1.076217e-04 5.514391e-01	2.865532e-05 3.719773e-05 7.167161e-02
0.024996      	4.713336e-05 4.898387e-05 -5.113219e-01	1.963586e-05 1.275386e-05 -5.686041e-01	2.749750e-05 3.623001e-05 5.728222e-02
0.029162      	-1.678713e-05 -1.940521e-05 -4.659723e-01	-4.182684e-05 -5.300797e-05 -5.119001e-01	2.503971e-05 3.360276e-05 4.592782e-02
0.033328      	-3.947676e-06 -1.167653e-05 -3.736549e-01	-2.766200e-05 -4.418802e-05 -4.108446e-01	2.371432e-05 3.251149e-05 3.718965e-02
0.037494      	3.569197e-06 -1.992569e-06 -3.528780e-01	-1.803442e-05 -3.284760e-05 -3.832554e-01	2.160361e-05 3.085503e-05 3.037740e-02
0.04166       	-3.732621e-06 -6.611092e-06 -3.629089e-01	-2.326896e-05 -3.574744e-05 -3.876262e-01	1.953634e-05 2.913635e-05 2.471725e-02
0.045826      	2.165699e-06 -1.472325e-06 -3.733331e-01	-1.514789e-05 -2.872861e-05 -3.931732e-01	1.731359e-05 2.725629e-05 1.984017e-02
0.049992      	-1.464245e-07 -3.283289e-06 -3.913804e-01	-1.547857e-05 -2.862312e-05 -4.069819e-01	1.533214e-05 2.533983e-05 1.560154e-02
0.054158      	-1.103038e-06 -3.892974e-06 -4.097255e-01	-1.517721e-05 -2.791784e-05 -4.216090e-01	1.407418e-05 2.402487e-05 1.188353e-02
0.058324      	1.230314e-06 -1.072087e-06 -4.260653e-01	-1.154312e-05 -2.368059e-05 -4.346531e-01	1.277344e-05 2.260851e-05 8.587744e-03
0.06249       	2.315556e-06 -3.178825e-06 -4.424785e-01	-9.468625e-06 -2.479027e-05 -4.481354e-01	1.178418e-05 2.161145e-05 5.656909e-03
0.066656      	-6.109069e-07 -3.945813e-06 -4.606566e-01	-1.173417e-05 -2.492400e-05 -4.637033e-01	1.112326e-05 2.097819e-05 3.046770e-03
0.070822      	-1.883538e-06 -6.886105e-06 -4.771830e-01	-1.227089e-05 -2.703639e-05 -4.779036e-01	1.038736e-05 2.015028e-05 7.205401e-04
0.074988      	3.558010e-06 -9.916772e-07 -4.939869e-01	-6.148088e-06 -2.026722e-05 -4.926408e-01	9.706098e-06 1.927554e-05 -1.346151e-03
0.079154      	9.222912e-07 -3.284974e-06 -5.065532e-01	-8.360484e-06 -2.177899e-05 -5.033641e-01	9.282775e-06 1.849402e-05 -3.189127e-03
0.08332       	6.226656e-07 -4.188522e-06 -5.196460e-01	-8.277445e-06 -2.191609e-05 -5.148138e-01	8.900111e-06 1.772756e-05 -4.832262e-03
0.087486      	1.595728e-06 -3.214421e-06 -5.326432e-01	-6.957316e-06 -2.019803e-05 -5.263461e-01	8.553044e-06 1.698361e-05 -6.297157e-03
0.091652      	7.329840e-07 -4.666155e-06 -5.447849e-01	-7.556816e-06 -2.094717e-05 -5.371822e-01	8.289800e-06 1.628101e-05 -7.602694e-03
0.095818      	2.248363e-06 -3.610304e-06 -5.560722e-01	-5.783406e-06 -1.920763e-05 -5.473058e-01	8.031768e-06 1.559733e-05 -8.766357e-03
0.099984      	1.398365e-06 -4.046699e-06 -5.671179e-01	-6.420649e-06 -1.900586e-05 -5.573137e-01	7.819014e-06 1.495916e-05 -9.804201e-03
0.10415       	6.819386e-08 -6.924342e-06 -5.755470e-01	-7.578994e-06 -2.126567e-05 -5.648134e-01	7.647188e-06 1.434133e-05 -1.073363e-02
0.108316      	1.659933e-06 -5.651913e-06 -5.829880e-01	-5.819197e-06 -1.941055e-05 -5.714203e-01	7.479130e-06 1.375864e-05 -1.156769e-02
0.112482      	2.604610e-06 -4.252463e-06 -5.918399e-01	-4.755890e-06 -1.750168e-05 -5.795263e-01	7.360499e-06 1.324922e-05 -1.231361e-02
0.116648      	1.465641e-06 -5.799825e-06 -5.997314e-01	-5.804810e-06 -1.857906e-05 -5.867521e-01	7.270451e-06 1.277924e-05 -1.297925e-02
0.120814      	2.940099e-06 -5.611842e-06 -6.068177e-01	-4.229778e-06 -1.792744e-05 -5.932472e-01	7.169877e-06 1.231560e-05 -1.357049e-02
0.12498       	1.545839e-06 -6.016008e-06 -6.143513e-01	-5.522336e-06 -1.787283e-05 -6.002598e-01	7.068175e-06 1.185682e-05 -1.409150e-02
0.129146      	-5.629101e-07 -7.203745e-06 -6.202264e-01	-7.541073e-06 -1.860851e-05 -6.056624e-01	6.978163e-06 1.140477e-05 -1.456396e-02
0.133312      	2.556981e-06 -6.905164e-06 -6.260588e-01	-4.305027e-06 -1.786690e-05 -6.110650e-01	6.862008e-06 1.096174e-05 -1.499388e-02
0.137478      	2.524998e-06 -8.007790e-06 -6.300234e-01	-4.146149e-06 -1.853075e-05 -6.146416e-01	6.671147e-06 1.052296e-05 -1.538181e-02
0.141644      	1.486691e-07 -8.637699e-06 -6.352003e-01	-6.419435e-06 -1.879256e-05 -6.194717e-01	6.568104e-06 1.015486e-05 -1.572855e-02
0.14581       	6.877600e-07 -8.488743e-06 -6.402587e-01	-5.747362e-06 -1.823703e-05 -6.242205e-01	6.435122e-06 9.748292e-06 -1.603826e-02
0.149976      	1.690988e-06 -8.217352e-06 -6.450926e-01	-4.578353e-06 -1.755390e-05 -6.287768e-01	6.269341e-06 9.336549e-06 -1.631586e-02
0.154142      	1.237100e-06 -8.635985e-06 -6.493184e-01	-4.844127e-06 -1.757396e-05 -6.327614e-01	6.081228e-06 8.937976e-06 -1.655698e-02
0.158308      	1.072449e-06 -9.244717e-06 -6.537988e-01	-4.806318e-06 -1.780480e-05 -6.370329e-01	5.878767e-06 8.560083e-06 -1.676586e-02
0.162474      	5.896034e-07 -9.911027e-06 -6.582902e-01	-5.094725e-06 -1.812145e-05 -6.413402e-01	5.684328e-06 8.210428e-06 -1.695000e-02
0.16664       	6.970265e-07 -9.486291e-06 -6.622506e-01	-4.778631e-06 -1.737065e-05 -6.451401e-01	5.475657e-06 7.884358e-06 -1.711051e-02
0.170806      	1.437764e-06 -9.298193e-06 -6.658299e-01	-3.782999e-06 -1.683918e-05 -6.485823e-01	5.220764e-06 7.540992e-06 -1.724760e-02
0.174972      	2.472337e-07 -1.100882e-05 -6.683770e-01	-4.733300e-06 -1.829801e-05 -6.510134e-01	4.980534e-06 7.289183e-06 -1.736353e-02
0.179138      	3.086157e-08 -1.087774e-05 -6.715357e-01	-4.790194e-06 -1.804193e-05 -6.540724e-01	4.821056e-06 7.164189e-06 -1.746329e-02
0.183304      	5.487950e-07 -1.010258e-05 -6.749800e-01	-4.101027e-06 -1.699555e-05 -6.574326e-01	4.649822e-06 6.892965e-06 -1.754741e-02
0.18747       	8.382577e-07 -9.705322e-06 -6.783008e-01	-3.630256e-06 -1.629537e-05 -6.606847e-01	4.468514e-06 6.590044e-06 -1.761612e-02
0.191636      	6.152671e-07 -1.057747e-05 -6.814647e-01	-3.665917e-06 -1.690084e-05 -6.637940e-01	4.281185e-06 6.323371e-06 -1.767075e-02
0.195802      	4.124623e-07 -1.032294e-05 -6.842302e-01	-3.679669e-06 -1.638159e-05 -6.665172e-01	4.092131e-06 6.058657e-06 -1.771309e-02
0.199968      	9.225415e-07 -1.013104e-05 -6.873219e-01	-2.968506e-06 -1.589525e-05 -6.695775e-01	3.891047e-06 5.764205e-06 -1.774438e-02
0.204134      	-1.378501e-07 -1.058774e-05 -6.900016e-01	-3.877054e-06 -1.610637e-05 -6.722359e-01	3.739204e-06 5.518632e-06 -1.776566e-02
0.2083        	8.295875e-07 -9.937848e-06 -6.929136e-01	-2.758634e-06 -1.521204e-05 -6.751351e-01	3.588222e-06 5.274189e-06 -1.777844e-02
0.212466      	1.099679e-06 -9.213815e-06 -6.955487e-01	-2.422853e-06 -1.435698e-05 -6.777663e-01	3.522532e-06 5.143168e-06 -1.778238e-02
0.216632      	9.373338e-07 -9.900194e-06 -6.979511e-01	-2.443811e-06 -1.488862e-05 -6.801732e-01	3.381144e-06 4.988426e-06 -1.777782e-02
0.220798      	6.565607e-07 -9.544857e-06 -7.003272e-01	-2.553141e-06 -1.432925e-05 -6.825605e-01	3.209702e-06 4.784391e-06 -1.776671e-02
0.224964      	1.317135e-06 -9.023584e-06 -7.026880e-01	-1.756276e-06 -1.363383e-05 -6.849386e-01	3.073411e-06 4.610246e-06 -1.774937e-02
0.22913       	1.267793e-06 -9.511050e-06 -7.046952e-01	-1.656340e-06 -1.394659e-05 -6.869697e-01	2.924133e-06 4.435535e-06 -1.772553e-02
0.233296      	1.178322e-06 -8.939489e-06 -7.068377e-01	-1.669611e-06 -1.320637e-05 -6.891427e-01	2.847933e-06 4.266877e-06 -1.769494e-02
0.237462      	1.219899e-06 -9.240123e-06 -7.091664e-01	-1.558780e-06 -1.334751e-05 -6.915075e-01	2.778678e-06 4.107385e-06 -1.765888e-02
0.241628      	1.980472e-06 -8.499138e-06 -7.113937e-01	-7.063525e-07 -1.247355e-05 -6.937751e-01	2.686824e-06 3.974414e-06 -1.761861e-02
0.245794      	2.495397e-06 -8.151495e-06 -7.136215e-01	-7.810363e-08 -1.197945e-05 -6.960476e-01	2.573501e-06 3.827957e-06 -1.757387e-02
0.24996       	1.646463e-06 -9.109975e-06 -7.157822e-01	-7.825145e-07 -1.279284e-05 -6.982569e-01	2.428977e-06 3.682867e-06 -1.752531e-02
0.254126      	-1.156061e-06 -1.183779e-05 -7.178767e-01	-3.568608e-06 -1.548882e-05 -7.004036e-01	2.412547e-06 3.651027e-06 -1.747311e-02
0.258292      	-3.856104e-07 -1.165136e-05 -7.197762e-01	-2.817930e-06 -1.529924e-05 -7.023606e-01	2.432320e-06 3.647877e-06 -1.741561e-02
0.262458      	1.622452e-06 -9.780390e-06 -7.218092e-01	-7.766755e-07 -1.338209e-05 -7.044555e-01	2.399128e-06 3.601698e-06 -1.735365e-02
0.266624      	2.009632e-06 -8.917292e-06 -7.237581e-01	-3.080813e-07 -1.243646e-05 -7.064697e-01	2.317713e-06 3.519168e-06 -1.728836e-02
0.27079       	1.008630e-06 -1.036541e-05 -7.256995e-01	-1.239329e-06 -1.379591e-05 -7.084788e-01	2.247959e-06 3.430495e-06 -1.722074e-02
0.274956      	-1.779827e-06 -1.352283e-05 -7.274133e-01	-4.055947e-06 -1.697296e-05 -7.102628e-01	2.276120e-06 3.450128e-06 -1.715051e-02
0.279122      	2.731271e-06 -8.763273e-06 -7.292687e-01	4.567233e-07 -1.213891e-05 -7.121914e-01	2.274548e-06 3.375637e-06 -1.707726e-02
0.283288      	3.341338e-06 -7.759034e-06 -7.309911e-01	1.117695e-06 -1.096009e-05 -7.139890e-01	2.223644e-06 3.201053e-06 -1.700210e-02
0.287454      	3.273974e-06 -7.325985e-06 -7.325888e-01	1.100121e-06 -1.038679e-05 -7.156637e-01	2.173853e-06 3.060810e-06 -1.692513e-02
0.29162       	4.185981e-06 -6.841381e-06 -7.343831e-01	2.068802e-06 -9.776999e-06 -7.175361e-01	2.117178e-06 2.935618e-06 -1.684693e-02
0.295786      	1.840943e-06 -1.030679e-05 -7.359282e-01	-2.193851e-07 -1.312668e-05 -7.191608e-01	2.060328e-06 2.819887e-06 -1.676739e-02
0.299952      	2.425917e-06 -8.878203e-06 -7.375544e-01	4.199956e-07 -1.161071e-05 -7.208691e-01	2.005922e-06 2.732511e-06 -1.668535e-02
0.304118      	3.679903e-06 -8.373594e-06 -7.393049e-01	1.739697e-06 -1.100095e-05 -7.227025e-01	1.940205e-06 2.627353e-06 -1.660239e-02
0.308284      	3.476528e-06 -8.427836e-06 -7.408605e-01	1.604091e-06 -1.095219e-05 -7.243416e-01	1.872437e-06 2.524351e-06 -1.651898e-02
0.31245       	3.964545e-06 -7.717262e-06 -7.424358e-01	2.148797e-06 -1.016668e-05 -7.260005e-01	1.815748e-06 2.449422e-06 -1.643533e-02
0.316616      	3.834536e-06 -9.114364e-06 -7.439450e-01	2.073379e-06 -1.149343e-05 -7.275923e-01	1.761156e-06 2.379066e-06 -1.635275e-02
0.320782      	3.584776e-06 -9.286969e-06 -7.456464e-01	1.874434e-06 -1.161327e-05 -7.293767e-01	1.710341e-06 2.326299e-06 -1.626969e-02
0.324948      	4.067643e-06 -9.588044e-06 -7.471664e-01	2.406859e-06 -1.188690e-05 -7.309809e-01	1.660784e-06 2.298851e-06 -1.618546e-02
0.329114      	3.864430e-06 -9.396173e-06 -7.485746e-01	2.258957e-06 -1.168329e-05 -7.324744e-01	1.605473e-06 2.287118e-06 -1.610019e-02
0.33328       	4.440798e-06 -9.699032e-06 -7.501043e-01	2.883588e-06 -1.196983e-05 -7.340922e-01	1.557210e-06 2.270800e-06 -1.601214e-02
0.337446      	4.248855e-06 -9.600813e-06 -7.516410e-01	2.741077e-06 -1.186025e-05 -7.357201e-01	1.507778e-06 2.259437e-06 -1.592083e-02
0.341612      	4.348930e-06 -1.000898e-05 -7.532093e-01	2.894775e-06 -1.225302e-05 -7.373838e-01	1.454156e-06 2.244047e-06 -1.582550e-02
0.345778      	4.709834e-06 -9.594059e-06 -7.547175e-01	3.299281e-06 -1.183456e-05 -7.389928e-01	1.410553e-06 2.240497e-06 -1.572466e-02
0.349944      	4.584043e-06 -9.967828e-06 -7.561014e-01	3.230748e-06 -1.221892e-05 -7.404820e-01	1.353295e-06 2.251096e-06 -1.561938e-02
0.35411       	4.849885e-06 -1.033263e-05 -7.573877e-01	3.547641e-06 -1.259741e-05 -7.418647e-01	1.302244e-06 2.264786e-06 -1.552295e-02
0.358276      	4.597896e-06 -1.070261e-05 -7.587816e-01	3.332864e-06 -1.298679e-05 -7.433471e-01	1.265033e-06 2.284173e-06 -1.543450e-02
0.362442      	5.171864e-06 -1.040161e-05 -7.601344e-01	3.935453e-06 -1.271942e-05 -7.447888e-01	1.236411e-06 2.317819e-06 -1.534563e-02
0.366608      	5.038762e-06 -1.040979e-05 -7.615144e-01	3.849322e-06 -1.272932e-05 -7.462615e-01	1.189440e-06 2.319524e-06 -1.525288e-02
0.370774      	4.937169e-06 -1.089724e-05 -7.628054e-01	3.806436e-06 -1.321372e-05 -7.476487e-01	1.130733e-06 2.316480e-06 -1.515665e-02
0.37494       	5.436836e-06 -1.078459e-05 -7.641379e-01	4.349750e-06 -1.312278e-05 -7.490770e-01	1.087086e-06 2.338186e-06 -1.506087e-02
0.379106      	5.421330e-06 -1.139635e-05 -7.654788e-01	4.371967e-06 -1.377046e-05 -7.505129e-01	1.049363e-06 2.374109e-06 -1.496585e-02
0.383272      	5.722090e-06 -1.095511e-05 -7.668744e-01	4.727191e-06 -1.336396e-05 -7.520028e-01	9.948986e-07 2.408847e-06 -1.487155e-02
0.387438      	5.764909e-06 -1.131405e-05 -7.679738e-01	4.831345e-06 -1.375484e-05 -7.531987e-01	9.335644e-07 2.440785e-06 -1.477518e-02
0.391604      	5.802842e-06 -1.161250e-05 -7.692343e-01	4.929106e-06 -1.409295e-05 -7.545579e-01	8.737360e-07 2.480450e-06 -1.467638e-02
0.39577       	5.937763e-06 -1.211216e-05 -7.704678e-01	5.132579e-06 -1.463856e-05 -7.558918e-01	8.051841e-07 2.526399e-06 -1.457603e-02
0.399936      	6.379694e-06 -1.176431e-05 -7.716502e-01	5.651562e-06 -1.433646e-05 -7.571758e-01	7.281323e-07 2.572144e-06 -1.447438e-02
0.404102      	6.689800e-06 -1.174391e-05 -7.727524e-01	6.055140e-06 -1.435911e-05 -7.583818e-01	6.346592e-07 2.615202e-06 -1.437052e-02
0.408268      	6.631245e-06 -1.156644e-05 -7.738145e-01	6.088106e-06 -1.422476e-05 -7.595501e-01	5.431385e-07 2.658314e-06 -1.426445e-02
0.412434      	5.251961e-06 -1.280906e-05 -7.749017e-01	4.740158e-06 -1.552092e-05 -7.607446e-01	5.118035e-07 2.711861e-06 -1.415711e-02
0.4166        	6.214061e-06 -1.229532e-05 -7.759464e-01	5.726736e-06 -1.507608e-05 -7.618977e-01	4.873247e-07 2.780763e-06 -1.404868e-02
0.420766      	6.030124e-06 -1.244055e-05 -7.769279e-01	5.583117e-06 -1.528423e-05 -7.629887e-01	4.470077e-07 2.843682e-06 -1.393921e-02
0.424932      	5.845715e-06 -1.298932e-05 -7.779097e-01	5.442113e-06 -1.589552e-05 -7.640809e-01	4.036018e-07 2.906197e-06 -1.382872e-02
0.429098      	6.258084e-06 -1.283951e-05 -7.787669e-01	5.889214e-06 -1.582015e-05 -7.650497e-01	3.688708e-07 2.980639e-06 -1.371719e-02
0.433264      	5.822321e-06 -1.353604e-05 -7.796468e-01	5.488256e-06 -1.659104e-05 -7.660424e-01	3.340645e-07 3.054996e-06 -1.360433e-02
0.43743       	5.521941e-06 -1.345353e-05 -7.804368e-01	5.226830e-06 -1.658841e-05 -7.669466e-01	2.951109e-07 3.134880e-06 -1.349024e-02
0.441596      	5.736390e-06 -1.371710e-05 -7.810782e-01	5.473299e-06 -1.693866e-05 -7.677034e-01	2.630910e-07 3.221561e-06 -1.337489e-02
0.445762      	5.315563e-06 -1.388414e-05 -7.817229e-01	5.076915e-06 -1.719938e-05 -7.684643e-01	2.386478e-07 3.315235e-06 -1.325860e-02
0.449928      	5.446237e-06 -1.389733e-05 -7.823042e-01	5.241256e-06 -1.731201e-05 -7.691633e-01	2.049809e-07 3.414677e-06 -1.314086e-02
0.454094      	5.260696e-06 -1.425834e-05 -7.828465e-01	5.103017e-06 -1.776694e-05 -7.698248e-01	1.576789e-07 3.508607e-06 -1.302176e-02
0.45826       	5.199207e-06 -1.423324e-05 -7.833116e-01	5.069013e-06 -1.784614e-05 -7.704099e-01	1.301930e-07 3.612904e-06 -1.290170e-02
0.462426      	4.997735e-06 -1.436127e-05 -7.836523e-01	4.904418e-06 -1.807367e-05 -7.708714e-01	9.331716e-08 3.712401e-06 -1.278088e-02
0.466592      	5.132343e-06 -1.431399e-05 -7.839560e-01	5.063842e-06 -1.812799e-05 -7.712970e-01	6.850025e-08 3.813995e-06 -1.265901e-02
0.470758      	4.787073e-06 -1.467031e-05 -7.841616e-01	4.735054e-06 -1.859456e-05 -7.716251e-01	5.201913e-08 3.924250e-06 -1.253643e-02
0.474924      	4.542639e-06 -1.478069e-05 -7.843648e-01	4.506813e-06 -1.882123e-05 -7.719517e-01	3.582614e-08 4.040539e-06 -1.241313e-02
0.47909       	4.599926e-06 -1.502579e-05 -7.843554e-01	4.570437e-06 -1.918811e-05 -7.720668e-01	2.948915e-08 4.162321e-06 -1.228863e-02
0.483256      	4.166784e-06 -1.482294e-05 -7.848955e-01	4.139616e-06 -1.911739e-05 -7.727314e-01	2.716833e-08 4.294454e-06 -1.216413e-02
0.487422      	4.020826e-06 -1.495651e-05 -7.834129e-01	3.993785e-06 -1.938686e-05 -7.713763e-01	2.704063e-08 4.430344e-06 -1.203668e-02
0.491588      	3.986536e-06 -1.496314e-05 -7.840866e-01	3.953755e-06 -1.952896e-05 -7.721776e-01	3.278118e-08 4.565823e-06 -1.190899e-02
0.495754      	3.589972e-06 -1.479114e-05 -7.838662e-01	3.544328e-06 -1.949455e-05 -7.720848e-01	4.564443e-08 4.703411e-06 -1.178140e-02
0.49992       	3.437650e-06 -1.482939e-05 -7.834080e-01	3.383914e-06 -1.967537e-05 -7.717557e-01	5.373578e-08 4.845987e-06 -1.165232e-02
0.504086      	3.121164e-06 -1.504241e-05 -7.827574e-01	3.052118e-06 -2.004025e-05 -7.712360e-01	6.904636e-08 4.997840e-06 -1.152136e-02
0.508252      	3.051562e-06 -1.474009e-05 -7.819963e-01	2.957272e-06 -1.989147e-05 -7.706077e-01	9.428947e-08 5.151382e-06 -1.138861e-02
0.512418      	3.141996e-06 -1.437197e-05 -7.810664e-01	3.019537e-06 -1.967784e-05 -7.698124e-01	1.224591e-07 5.305872e-06 -1.125396e-02
0.516584      	3.143357e-06 -1.428563e-05 -7.799624e-01	2.986845e-06 -1.974408e-05 -7.688447e-01	1.565123e-07 5.458459e-06 -1.111764e-02
0.52075       	2.660869e-06 -1.456611e-05 -7.787061e-01	2.470620e-06 -2.017007e-05 -7.677258e-01	1.902489e-07 5.603958e-06 -1.098037e-02
0.524916      	2.926848e-06 -1.386148e-05 -7.773358e-01	2.705409e-06 -1.961563e-05 -7.664940e-01	2.214387e-07 5.754153e-06 -1.084184e-02
0.529082      	2.735667e-06 -1.349857e-05 -7.757225e-01	2.461810e-06 -1.940972e-05 -7.650204e-01	2.738566e-07 5.911148e-06 -1.070207e-02
0.533248      	2.686607e-06 -1.356052e-05 -7.739395e-01	2.354948e-06 -1.962082e-05 -7.633785e-01	3.316591e-07 6.060298e-06 -1.056102e-02
0.537414      	2.224221e-06 -1.336236e-05 -7.719881e-01	1.837961e-06 -1.956886e-05 -7.615691e-01	3.862598e-07 6.206497e-06 -1.041904e-02
0.54158       	2.280681e-06 -1.308195e-05 -7.698806e-01	1.845985e-06 -1.943146e-05 -7.596039e-01	4.346962e-07 6.349505e-06 -1.027667e-02
0.545746      	1.863487e-06 -1.283356e-05 -7.675199e-01	1.366718e-06 -1.932402e-05 -7.573855e-01	4.967689e-07 6.490460e-06 -1.013438e-02
0.549912      	1.820012e-06 -1.261471e-05 -7.649881e-01	1.251342e-06 -1.924270e-05 -7.549957e-01	5.686708e-07 6.627986e-06 -9.992441e-03
0.554078      	2.269416e-06 -1.187547e-05 -7.623435e-01	1.621416e-06 -1.864206e-05 -7.524918e-01	6.479997e-07 6.766591e-06 -9.851696e-03
0.558244      	2.029479e-06 -1.157683e-05 -7.594193e-01	1.299644e-06 -1.847653e-05 -7.497063e-01	7.298356e-07 6.899695e-06 -9.713004e-03
0.56241       	2.146926e-06 -1.145294e-05 -7.563813e-01	1.328764e-06 -1.847850e-05 -7.468041e-01	8.181620e-07 7.025564e-06 -9.577169e-03
0.566576      	2.210222e-06 -1.079757e-05 -7.531021e-01	1.299729e-06 -1.794201e-05 -7.436574e-01	9.104933e-07 7.144437e-06 -9.444707e-03
0.570742      	2.147905e-06 -1.031256e-05 -7.496316e-01	1.141732e-06 -1.756802e-05 -7.403150e-01	1.006173e-06 7.255456e-06 -9.316588e-03
0.574908      	1.072074e-06 -9.715330e-06 -7.459746e-01	-1.015127e-07 -1.708544e-05 -7.367806e-01	1.173587e-06 7.370113e-06 -9.193978e-03
0.579074      	5.357072e-07 -1.000616e-05 -7.421794e-01	-8.698828e-07 -1.752672e-05 -7.331015e-01	1.405590e-06 7.520565e-06 -9.077863e-03
0.58324       	1.637643e-06 -8.840288e-06 -7.382528e-01	2.967346e-08 -1.649023e-05 -7.292832e-01	1.607969e-06 7.649939e-06 -8.969614e-03
0.587406      	1.985696e-06 -8.067680e-06 -7.341384e-01	2.519462e-07 -1.581785e-05 -7.252681e-01	1.733750e-06 7.750174e-06 -8.870362e-03
0.591572      	1.678552e-06 -7.808067e-06 -7.298670e-01	-2.111883e-07 -1.564102e-05 -7.210866e-01	1.889740e-06 7.832956e-06 -8.780474e-03
0.595738      	1.568655e-06 -7.529747e-06 -7.254893e-01	-4.820781e-07 -1.542628e-05 -7.167883e-01	2.050733e-06 7.896532e-06 -8.701049e-03
0.599904      	-1.430690e-07 -8.948253e-06 -7.209694e-01	-2.394951e-06 -1.692946e-05 -7.123367e-01	2.251883e-06 7.981207e-06 -8.632741e-03
0.60407       	1.119815e-06 -6.508840e-06 -7.163467e-01	-1.310673e-06 -1.453670e-05 -7.077703e-01	2.430488e-06 8.027859e-06 -8.576428e-03
0.608236      	1.124777e-06 -5.469474e-06 -7.116824e-01	-1.509035e-06 -1.351284e-05 -7.031487e-01	2.633812e-06 8.043364e-06 -8.533743e-03
0.612402      	1.184914e-06 -5.012750e-06 -7.069116e-01	-1.674525e-06 -1.306677e-05 -6.984064e-01	2.859439e-06 8.054020e-06 -8.505137e-03
0.616568      	1.445706e-08 -5.648134e-06 -7.021048e-01	-3.062163e-06 -1.370110e-05 -6.936135e-01	3.076620e-06 8.052964e-06 -8.491283e-03
0.620734      	5.304714e-07 -4.466850e-06 -6.972315e-01	-2.762303e-06 -1.252020e-05 -6.887388e-01	3.292774e-06 8.053346e-06 -8.492722e-03
0.6249        	5.045382e-07 -3.858899e-06 -6.923567e-01	-3.011935e-06 -1.191707e-05 -6.838468e-01	3.516473e-06 8.058173e-06 -8.509930e-03
0.629066      	-1.202605e-07 -3.911443e-06 -6.874973e-01	-3.856895e-06 -1.196987e-05 -6.789542e-01	3.736635e-06 8.058427e-06 -8.543104e-03
0.633232      	-1.153807e-07 -3.424956e-06 -6.826713e-01	-4.064881e-06 -1.147822e-05 -6.740787e-01	3.949500e-06 8.053262e-06 -8.592673e-03
0.637398      	4.970163e-09 -2.686847e-06 -6.778736e-01	-4.150357e-06 -1.073221e-05 -6.692150e-01	4.155327e-06 8.045359e-06 -8.658607e-03
0.641564      	-6.315487e-07 -2.738228e-06 -6.731567e-01	-4.982274e-06 -1.077080e-05 -6.644155e-01	4.350725e-06 8.032577e-06 -8.741204e-03
0.64573       	-2.819808e-07 -1.407142e-06 -6.684794e-01	-4.824234e-06 -9.436614e-06 -6.596390e-01	4.542253e-06 8.029472e-06 -8.840385e-03
0.649896      	-8.165848e-07 -1.801769e-06 -6.639487e-01	-5.534258e-06 -9.815689e-06 -6.549927e-01	4.717673e-06 8.013919e-06 -8.955934e-03
0.654062      	-2.155562e-07 -4.227488e-07 -6.595056e-01	-5.097099e-06 -8.420443e-06 -6.504184e-01	4.881542e-06 7.997694e-06 -9.087231e-03
0.658228      	-5.755227e-07 -3.279878e-07 -6.551447e-01	-5.601095e-06 -8.306325e-06 -6.459109e-01	5.025573e-06 7.978337e-06 -9.233817e-03
0.662394      	-4.554574e-07 1.183181e-07 -6.508393e-01	-5.600941e-06 -7.835624e-06 -6.414442e-01	5.145484e-06 7.953942e-06 -9.395086e-03
0.66656       	-1.216712e-06 7.479188e-07 -6.466588e-01	-6.493043e-06 -7.192741e-06 -6.370890e-01	5.276331e-06 7.940660e-06 -9.569777e-03
0.670726      	-1.464478e-06 2.847829e-07 -6.425624e-01	-6.866622e-06 -7.635005e-06 -6.328058e-01	5.402144e-06 7.919788e-06 -9.756680e-03
0.674892      	-2.622164e-06 1.152110e-07 -6.386029e-01	-8.175848e-06 -7.825370e-06 -6.286484e-01	5.553684e-06 7.940581e-06 -9.954570e-03
0.679058      	-1.532651e-06 1.332424e-06 -6.347439e-01	-7.186726e-06 -6.627506e-06 -6.245818e-01	5.654074e-06 7.959930e-06 -1.016209e-02
0.683224      	-2.259138e-06 1.472000e-06 -6.309927e-01	-7.974371e-06 -6.484459e-06 -6.206148e-01	5.715232e-06 7.956458e-06 -1.037797e-02
0.68739       	-2.834661e-06 1.037801e-06 -6.273289e-01	-8.601605e-06 -6.918551e-06 -6.167282e-01	5.766944e-06 7.956352e-06 -1.060067e-02
0.691556      	-2.398877e-06 1.261151e-06 -6.237503e-01	-8.184495e-06 -6.676585e-06 -6.129218e-01	5.785618e-06 7.937736e-06 -1.082848e-02
0.695722      	-2.959990e-06 1.912211e-06 -6.202217e-01	-8.759212e-06 -6.025059e-06 -6.091616e-01	5.799221e-06 7.937270e-06 -1.106010e-02
0.699888      	-3.866732e-06 6.554719e-07 -6.167643e-01	-9.685482e-06 -7.286785e-06 -6.054702e-01	5.818749e-06 7.942257e-06 -1.129409e-02
0.704054      	-2.611646e-06 3.149907e-06 -6.134463e-01	-8.410692e-06 -4.797024e-06 -6.019179e-01	5.799046e-06 7.946931e-06 -1.152840e-02
0.70822       	-3.250607e-06 2.027795e-06 -6.101403e-01	-9.015317e-06 -5.903946e-06 -5.983792e-01	5.764710e-06 7.931742e-06 -1.176118e-02
0.712386      	-3.561689e-06 1.924284e-06 -6.068161e-01	-9.295138e-06 -5.995147e-06 -5.948249e-01	5.733449e-06 7.919432e-06 -1.199111e-02
0.716552      	-3.360658e-06 2.333418e-06 -6.035744e-01	-9.040457e-06 -5.571845e-06 -5.913581e-01	5.679799e-06 7.905263e-06 -1.221631e-02
0.720718      	-3.594567e-06 2.389272e-06 -6.003158e-01	-9.209310e-06 -5.502061e-06 -5.878802e-01	5.614743e-06 7.891333e-06 -1.243553e-02
0.724884      	-3.356352e-06 2.892366e-06 -5.969866e-01	-8.904579e-06 -4.986834e-06 -5.843382e-01	5.548227e-06 7.879200e-06 -1.264839e-02
0.72905       	-3.517183e-06 2.292573e-06 -5.936797e-01	-8.994796e-06 -5.566786e-06 -5.808257e-01	5.477613e-06 7.859359e-06 -1.285404e-02
0.733216      	-3.556579e-06 2.798670e-06 -5.903137e-01	-8.964634e-06 -5.045438e-06 -5.772620e-01	5.408055e-06 7.844108e-06 -1.305165e-02
0.737382      	-3.923778e-06 4.481794e-07 -5.869067e-01	-9.258784e-06 -7.350950e-06 -5.736660e-01	5.335006e-06 7.799130e-06 -1.324071e-02
0.741548      	-3.778378e-06 2.746560e-06 -5.835086e-01	-9.031844e-06 -5.025304e-06 -5.700885e-01	5.253466e-06 7.771864e-06 -1.342013e-02
0.745714      	-3.711897e-06 2.733888e-06 -5.800720e-01	-8.881760e-06 -5.024085e-06 -5.664826e-01	5.169863e-06 7.757974e-06 -1.358940e-02
0.74988       	-3.687792e-06 2.168006e-06 -5.765676e-01	-8.776307e-06 -5.563679e-06 -5.628194e-01	5.088515e-06 7.731684e-06 -1.374822e-02
0.754046      	-3.767050e-06 1.768987e-06 -5.729733e-01	-8.780814e-06 -5.930205e-06 -5.590770e-01	5.013765e-06 7.699193e-06 -1.389632e-02
0.758212      	-3.711690e-06 1.426570e-06 -5.693288e-01	-8.652690e-06 -6.237394e-06 -5.552953e-01	4.941000e-06 7.663964e-06 -1.403351e-02
0.762378      	-3.838755e-06 2.230259e-06 -5.656049e-01	-8.709910e-06 -5.409043e-06 -5.514454e-01	4.871155e-06 7.639302e-06 -1.415948e-02
0.766544      	-3.779065e-06 1.730918e-06 -5.618185e-01	-8.581689e-06 -5.879921e-06 -5.475440e-01	4.802624e-06 7.610839e-06 -1.427445e-02
0.77071       	-3.772957e-06 1.169614e-06 -5.580018e-01	-8.509465e-06 -6.405197e-06 -5.436237e-01	4.736509e-06 7.574811e-06 -1.437814e-02
0.774876      	-3.622962e-06 2.247690e-06 -5.540815e-01	-8.297240e-06 -5.306020e-06 -5.396112e-01	4.674277e-06 7.553710e-06 -1.447030e-02
0.779042      	-3.650312e-06 1.700430e-06 -5.500994e-01	-8.263884e-06 -5.829178e-06 -5.355486e-01	4.613572e-06 7.529608e-06 -1.455077e-02
0.783208      	-3.734366e-06 1.161754e-06 -5.460676e-01	-8.287450e-06 -6.332653e-06 -5.314481e-01	4.553084e-06 7.494408e-06 -1.461951e-02
0.787374      	-3.638007e-06 1.274565e-06 -5.419455e-01	-8.133549e-06 -6.185428e-06 -5.272687e-01	4.495542e-06 7.459992e-06 -1.467675e-02
0.79154       	-3.736898e-06 7.591372e-07 -5.377741e-01	-8.178694e-06 -6.670937e-06 -5.230517e-01	4.441796e-06 7.430075e-06 -1.472238e-02
0.795706      	-3.523435e-06 1.260775e-06 -5.335572e-01	-7.914455e-06 -6.141703e-06 -5.188013e-01	4.391020e-06 7.402478e-06 -1.475595e-02
0.799872      	-3.498251e-06 6.666649e-07 -5.292747e-01	-7.841732e-06 -6.706127e-06 -5.144977e-01	4.343481e-06 7.372792e-06 -1.477695e-02
0.804038      	-3.443831e-06 6.342188e-07 -5.248856e-01	-7.742390e-06 -6.709426e-06 -5.100999e-01	4.298560e-06 7.343645e-06 -1.478564e-02
0.808204      	-3.535244e-06 1.416822e-07 -5.204598e-01	-7.790484e-06 -7.170113e-06 -5.056772e-01	4.255240e-06 7.311795e-06 -1.478260e-02
0.81237       	-3.552850e-06 2.857526e-07 -5.159335e-01	-7.764651e-06 -6.997898e-06 -5.011660e-01	4.211801e-06 7.283650e-06 -1.476750e-02
0.816536      	-3.354711e-06 4.453906e-07 -5.113602e-01	-7.527021e-06 -6.815471e-06 -4.966197e-01	4.172310e-06 7.260861e-06 -1.474047e-02
0.820702      	-3.492802e-06 -3.267126e-07 -5.067330e-01	-7.633175e-06 -7.560898e-06 -4.920313e-01	4.140373e-06 7.234185e-06 -1.470174e-02
0.824868      	-3.549489e-06 -2.391937e-07 -5.019512e-01	-7.657461e-06 -7.449678e-06 -4.872997e-01	4.107973e-06 7.210484e-06 -1.465145e-02
0.829034      	-3.214035e-06 -4.239833e-07 -4.973759e-01	-7.290796e-06 -7.612968e-06 -4.827863e-01	4.076760e-06 7.188985e-06 -1.458963e-02
0.8332        	-3.342386e-06 -6.351643e-07 -4.925677e-01	-7.386426e-06 -7.800041e-06 -4.780513e-01	4.044040e-06 7.164877e-06 -1.451644e-02
0.837366      	-3.239569e-06 -5.924787e-07 -4.876832e-01	-7.254554e-06 -7.731844e-06 -4.732510e-01	4.014985e-06 7.139366e-06 -1.443221e-02
0.841532      	-3.314589e-06 -1.130874e-06 -4.827310e-01	-7.303326e-06 -8.242503e-06 -4.683937e-01	3.988737e-06 7.111629e-06 -1.433731e-02
0.845698      	-3.237414e-06 -1.067376e-06 -4.777456e-01	-7.201412e-06 -8.155822e-06 -4.635136e-01	3.963999e-06 7.088446e-06 -1.423192e-02
0.849864      	-3.231827e-06 -1.342083e-06 -4.727242e-01	-7.172817e-06 -8.406752e-06 -4.586078e-01	3.940990e-06 7.064668e-06 -1.411640e-02
0.85403       	-3.233768e-06 -1.567659e-06 -4.676188e-01	-7.152940e-06 -8.608297e-06 -4.536277e-01	3.919171e-06 7.040638e-06 -1.399102e-02
0.858196      	-3.157725e-06 -1.707903e-06 -4.624994e-01	-7.059014e-06 -8.725521e-06 -4.486431e-01	3.901289e-06 7.017618e-06 -1.385625e-02
0.862362      	-3.293464e-06 -1.707330e-06 -4.573108e-01	-7.173875e-06 -8.701678e-06 -4.435979e-01	3.880412e-06 6.994348e-06 -1.371289e-02
0.866528      	-3.141009e-06 -1.951651e-06 -4.521247e-01	-7.005240e-06 -8.925703e-06 -4.385636e-01	3.864231e-06 6.974052e-06 -1.356107e-02
0.870694      	-3.150750e-06 -2.141612e-06 -4.468741e-01	-7.002790e-06 -9.090460e-06 -4.334728e-01	3.852041e-06 6.948847e-06 -1.340137e-02
0.87486       	-3.344162e-06 -2.653084e-06 -4.415345e-01	-7.180248e-06 -9.567532e-06 -4.283003e-01	3.836086e-06 6.914448e-06 -1.323420e-02
0.879026      	-3.244371e-06 -2.559609e-06 -4.361854e-01	-7.069435e-06 -9.448040e-06 -4.231257e-01	3.825064e-06 6.888431e-06 -1.305974e-02
0.883192      	-3.203076e-06 -2.860623e-06 -4.308139e-01	-7.020829e-06 -9.723575e-06 -4.179352e-01	3.817753e-06 6.862952e-06 -1.287869e-02
0.887358      	-2.962584e-06 -2.743335e-06 -4.254093e-01	-6.764063e-06 -9.573968e-06 -4.127177e-01	3.801479e-06 6.830633e-06 -1.269163e-02
0.891524      	-2.874481e-06 -2.988386e-06 -4.199581e-01	-6.662973e-06 -9.793317e-06 -4.074592e-01	3.788493e-06 6.804931e-06 -1.249887e-02
0.89569       	-3.241587e-06 -3.435176e-06 -4.145126e-01	-7.022308e-06 -1.021117e-05 -4.022117e-01	3.780722e-06 6.775997e-06 -1.230094e-02
0.899856      	-3.108332e-06 -3.384018e-06 -4.088708e-01	-6.885491e-06 -1.013287e-05 -3.967729e-01	3.777160e-06 6.748850e-06 -1.209793e-02
0.904022      	-2.272122e-06 -2.846804e-06 -4.032743e-01	-6.028049e-06 -9.556259e-06 -3.913840e-01	3.755927e-06 6.709456e-06 -1.189034e-02
0.908188      	-2.482234e-06 -3.236627e-06 -3.978165e-01	-6.206908e-06 -9.892951e-06 -3.861381e-01	3.724673e-06 6.656324e-06 -1.167842e-02
0.912354      	-2.682285e-06 -3.386124e-06 -3.922675e-01	-6.390624e-06 -1.000267e-05 -3.808050e-01	3.708339e-06 6.616548e-06 -1.146251e-02
0.91652       	-2.185731e-06 -3.077249e-06 -3.866234e-01	-5.882378e-06 -9.658949e-06 -3.753802e-01	3.696646e-06 6.581700e-06 -1.124323e-02
0.920686      	-2.569552e-06 -3.685588e-06 -3.809732e-01	-6.254429e-06 -1.022807e-05 -3.699523e-01	3.684878e-06 6.542483e-06 -1.102097e-02
0.924852      	-2.503022e-06 -3.769940e-06 -3.753323e-01	-6.179792e-06 -1.027368e-05 -3.645363e-01	3.676770e-06 6.503738e-06 -1.079602e-02
0.929018      	-2.617127e-06 -4.309133e-06 -3.697636e-01	-6.285631e-06 -1.077147e-05 -3.591949e-01	3.668504e-06 6.462335e-06 -1.056871e-02
0.933184      	-2.315753e-06 -3.691647e-06 -3.640211e-01	-5.979956e-06 -1.012308e-05 -3.536817e-01	3.664203e-06 6.431433e-06 -1.033939e-02
0.93735       	-2.240169e-06 -4.068127e-06 -3.581953e-01	-5.894263e-06 -1.046307e-05 -3.480872e-01	3.654094e-06 6.394944e-06 -1.010814e-02
0.941516      	-2.223105e-06 -4.413024e-06 -3.524425e-01	-5.864744e-06 -1.076664e-05 -3.425670e-01	3.641639e-06 6.353616e-06 -9.875474e-03
0.945682      	-2.496818e-06 -4.345075e-06 -3.465460e-01	-6.133007e-06 -1.065876e-05 -3.369043e-01	3.636189e-06 6.313685e-06 -9.641681e-03
0.949848      	-2.316540e-06 -4.230722e-06 -3.409090e-01	-5.946555e-06 -1.050815e-05 -3.315024e-01	3.630015e-06 6.277423e-06 -9.406649e-03
0.954014      	-1.608244e-06 -4.117414e-06 -3.351365e-01	-5.209087e-06 -1.033795e-05 -3.259658e-01	3.600843e-06 6.220533e-06 -9.170665e-03
0.95818       	-2.225719e-06 -4.197754e-06 -3.293806e-01	-5.809624e-06 -1.037514e-05 -3.204467e-01	3.583905e-06 6.177387e-06 -8.933924e-03
0.962346      	-2.336127e-06 -4.777425e-06 -3.235516e-01	-5.911170e-06 -1.090925e-05 -3.148549e-01	3.575043e-06 6.131822e-06 -8.696678e-03
0.966512      	-2.152697e-06 -4.735633e-06 -3.177665e-01	-5.714785e-06 -1.082000e-05 -3.093074e-01	3.562088e-06 6.084365e-06 -8.459074e-03
0.970678      	-2.185074e-06 -4.682973e-06 -3.119240e-01	-5.744182e-06 -1.072764e-05 -3.037027e-01	3.559108e-06 6.044671e-06 -8.221316e-03
0.974844      	-2.166694e-06 -4.957248e-06 -3.061128e-01	-5.722773e-06 -1.095717e-05 -2.981291e-01	3.556079e-06 5.999919e-06 -7.983671e-03
0.97901       	-2.160660e-06 -4.905012e-06 -3.001894e-01	-5.711627e-06 -1.086124e-05 -2.924434e-01	3.550967e-06 5.956231e-06 -7.746054e-03
0.983176      	-2.350400e-06 -5.455180e-06 -2.942095e-01	-5.891658e-06 -1.135634e-05 -2.867008e-01	3.541258e-06 5.901156e-06 -7.508665e-03
0.987342      	-2.078290e-06 -5.111372e-06 -2.882466e-01	-5.611962e-06 -1.096228e-05 -2.809748e-01	3.533672e-06 5.850911e-06 -7.271852e-03
0.991508      	-2.237879e-06 -5.154915e-06 -2.823961e-01	-5.765343e-06 -1.096398e-05 -2.753607e-01	3.527464e-06 5.809064e-06 -7.035485e-03
0.995674      	-2.091891e-06 -5.283668e-06 -2.765571e-01	-5.613316e-06 -1.104521e-05 -2.697576e-01	3.521425e-06 5.761542e-06 -6.799567e-03
0.99984       	-2.195841e-06 -5.255211e-06 -2.706365e-01	-5.708136e-06 -1.097091e-05 -2.640721e-01	3.512295e-06 5.715698e-06 -6.564458e-03
1.00401       	-2.035545e-06 -5.510875e-06 -2.646973e-01	-5.530703e-06 -1.117573e-05 -2.583669e-01	3.495159e-06 5.664854e-06 -6.330318e-03
1.00817       	-2.068057e-06 -5.564544e-06 -2.587678e-01	-5.538716e-06 -1.117386e-05 -2.526709e-01	3.470659e-06 5.609319e-06 -6.096969e-03
1.01234       	-1.966133e-06 -5.175471e-06 -2.527714e-01	-5.418890e-06 -1.073522e-05 -2.469069e-01	3.452757e-06 5.559753e-06 -5.864553e-03
1.0165        	-2.185839e-06 -5.835408e-06 -2.467735e-01	-5.617378e-06 -1.133763e-05 -2.411402e-01	3.431538e-06 5.502219e-06 -5.633280e-03
1.02067       	-1.950052e-06 -5.428328e-06 -2.407416e-01	-5.357705e-06 -1.087494e-05 -2.353383e-01	3.407653e-06 5.446614e-06 -5.403222e-03
1.02484       	-1.880550e-06 -5.505137e-06 -2.347924e-01	-5.262032e-06 -1.089720e-05 -2.296179e-01	3.381482e-06 5.392064e-06 -5.174456e-03
1.029         	-1.997807e-06 -5.871003e-06 -2.286698e-01	-5.348352e-06 -1.119748e-05 -2.237228e-01	3.350545e-06 5.326479e-06 -4.947010e-03
1.03317       	-2.086198e-06 -5.601357e-06 -2.225376e-01	-5.419165e-06 -1.086906e-05 -2.178167e-01	3.332967e-06 5.267706e-06 -4.720862e-03
1.03733       	-2.016693e-06 -5.744441e-06 -2.165668e-01	-5.331820e-06 -1.095243e-05 -2.120708e-01	3.315128e-06 5.207985e-06 -4.495993e-03
1.0415        	-2.086848e-06 -5.983789e-06 -2.106082e-01	-5.387071e-06 -1.113011e-05 -2.063358e-01	3.300223e-06 5.146317e-06 -4.272380e-03
1.04567       	-2.048743e-06 -5.975007e-06 -2.045220e-01	-5.336707e-06 -1.106283e-05 -2.004719e-01	3.287963e-06 5.087827e-06 -4.050119e-03
1.04983       	-2.065354e-06 -5.992916e-06 -1.984134e-01	-5.338317e-06 -1.102175e-05 -1.945841e-01	3.272963e-06 5.028836e-06 -3.829297e-03
1.054         	-2.045208e-06 -5.753889e-06 -1.922975e-01	-5.300458e-06 -1.072396e-05 -1.886872e-01	3.255250e-06 4.970070e-06 -3.610243e-03
1.05816       	-1.977925e-06 -5.895731e-06 -1.861526e-01	-5.214985e-06 -1.080621e-05 -1.827595e-01	3.237060e-06 4.910474e-06 -3.393100e-03
1.06233       	-2.023470e-06 -5.998669e-06 -1.799893e-01	-5.240293e-06 -1.084593e-05 -1.768115e-01	3.216823e-06 4.847263e-06 -3.177806e-03
1.0665        	-1.927591e-06 -6.025211e-06 -1.737981e-01	-5.122135e-06 -1.080518e-05 -1.708337e-01	3.194544e-06 4.779972e-06 -2.964318e-03
1.07066       	-1.958321e-06 -6.010849e-06 -1.675827e-01	-5.128819e-06 -1.072425e-05 -1.648299e-01	3.170499e-06 4.713403e-06 -2.752867e-03
1.07483       	-1.801277e-06 -5.979301e-06 -1.613365e-01	-4.946033e-06 -1.062609e-05 -1.587932e-01	3.144757e-06 4.646787e-06 -2.543360e-03
1.07899       	-2.073137e-06 -6.160630e-06 -1.551157e-01	-5.193640e-06 -1.073579e-05 -1.527792e-01	3.120503e-06 4.575158e-06 -2.336481e-03
1.08316       	-2.053756e-06 -6.084688e-06 -1.489357e-01	-5.150367e-06 -1.059035e-05 -1.468048e-01	3.096611e-06 4.505665e-06 -2.130930e-03
1.08733       	-1.957017e-06 -6.001597e-06 -1.427827e-01	-5.027063e-06 -1.043796e-05 -1.408558e-01	3.070045e-06 4.436360e-06 -1.926895e-03
1.09149       	-2.075160e-06 -6.388375e-06 -1.366413e-01	-5.116232e-06 -1.075010e-05 -1.349165e-01	3.041072e-06 4.361720e-06 -1.724889e-03
1.09566       	-1.741955e-06 -5.713675e-06 -1.302329e-01	-4.761563e-06 -1.001523e-05 -1.287079e-01	3.019608e-06 4.301557e-06 -1.525035e-03
1.09982       	-2.017828e-06 -6.057577e-06 -1.239318e-01	-5.007852e-06 -1.029411e-05 -1.226044e-01	2.990024e-06 4.236536e-06 -1.327418e-03
1.10399       	-1.917791e-06 -6.311869e-06 -1.176362e-01	-4.868726e-06 -1.046973e-05 -1.165041e-01	2.950935e-06 4.157864e-06 -1.132067e-03
1.10816       	-1.986003e-06 -6.251613e-06 -1.113001e-01	-4.897742e-06 -1.033002e-05 -1.103610e-01	2.911739e-06 4.078405e-06 -9.390990e-04
1.11232       	-1.716889e-06 -5.903455e-06 -1.049829e-01	-4.595791e-06 -9.910677e-06 -1.042346e-01	2.878902e-06 4.007222e-06 -7.483711e-04
1.11649       	-2.127587e-06 -6.475444e-06 -9.858211e-02	-4.972668e-06 -1.040726e-05 -9.802250e-02	2.845080e-06 3.931815e-06 -5.596084e-04
1.12065       	-1.870864e-06 -6.277575e-06 -9.220176e-02	-4.681333e-06 -1.013156e-05 -9.182874e-02	2.810470e-06 3.853988e-06 -3.730143e-04
1.12482       	-1.972045e-06 -5.948821e-06 -8.583685e-02	-4.746923e-06 -9.731906e-06 -8.564815e-02	2.774878e-06 3.783084e-06 -1.886932e-04
1.12899       	-2.140276e-06 -6.470904e-06 -7.938093e-02	-4.872670e-06 -1.019758e-05 -7.937445e-02	2.732394e-06 3.726672e-06 -6.479554e-06
1.13315       	-1.500598e-06 -5.458873e-06 -7.289188e-02	-4.184041e-06 -9.103755e-06 -7.306562e-02	2.683443e-06 3.644882e-06 1.737374e-04
1.13732       	-2.145301e-06 -6.909802e-06 -6.638565e-02	-4.783727e-06 -1.049342e-05 -6.673763e-02	2.638426e-06 3.583615e-06 3.519765e-04
1.14148       	-1.632365e-06 -6.401234e-06 -5.984279e-02	-4.214712e-06 -9.908289e-06 -6.037130e-02	2.582347e-06 3.507055e-06 5.285170e-04
1.14565       	-2.197336e-06 -6.905273e-06 -5.332183e-02	-4.747454e-06 -1.035164e-05 -5.402473e-02	2.550118e-06 3.446367e-06 7.028986e-04
1.14982       	-1.989176e-06 -6.124619e-06 -4.696167e-02	-4.512578e-06 -9.497760e-06 -4.783632e-02	2.523402e-06 3.373142e-06 8.746489e-04
1.15398       	-2.082300e-06 -6.497084e-06 -4.041945e-02	-4.578383e-06 -9.779642e-06 -4.146329e-02	2.496083e-06 3.282557e-06 1.043844e-03
1.15815       	-1.842080e-06 -6.075800e-06 -3.390478e-02	-4.300974e-06 -9.276571e-06 -3.511554e-02	2.458894e-06 3.200772e-06 1.210757e-03
1.16231       	-1.942775e-06 -6.539684e-06 -2.736597e-02	-4.361301e-06 -9.663128e-06 -2.874160e-02	2.418526e-06 3.123444e-06 1.375629e-03
1.16648       	-1.818000e-06 -6.212040e-06 -2.077971e-02	-4.190265e-06 -9.248820e-06 -2.231850e-02	2.372265e-06 3.036780e-06 1.538789e-03
1.17065       	-1.672611e-06 -6.437394e-06 -1.416598e-02	-4.019945e-06 -9.422381e-06 -1.586610e-02	2.347334e-06 2.984987e-06 1.700111e-03
1.17481       	-1.840117e-06 -6.209807e-06 -7.525199e-03	-4.150989e-06 -9.120153e-06 -9.384888e-03	2.310872e-06 2.910347e-06 1.859689e-03
1.17898       	-2.114894e-06 -6.415538e-06 -8.728043e-04	-4.390079e-06 -9.259318e-06 -2.890283e-03	2.275185e-06 2.843780e-06 2.017479e-03
1.18314       	-1.721682e-06 -6.282975e-06 5.802465e-03	-3.960384e-06 -9.051501e-06 3.628902e-03	2.238703e-06 2.768526e-06 2.173563e-03
1.18731       	-1.863357e-06 -6.354433e-06 1.255434e-02	-4.059926e-06 -9.037533e-06 1.022642e-02	2.196569e-06 2.683100e-06 2.327919e-03
1.19148       	-1.735982e-06 -6.065171e-06 1.920110e-02	-3.893900e-06 -8.674114e-06 1.672058e-02	2.157917e-06 2.608943e-06 2.480524e-03
1.19564       	-1.849885e-06 -6.544580e-06 2.596515e-02	-3.967749e-06 -9.075891e-06 2.333373e-02	2.117864e-06 2.531311e-06 2.631424e-03
1.19981       	-1.757596e-06 -5.774044e-06 3.266519e-02	-3.831957e-06 -8.233237e-06 2.988449e-02	2.074361e-06 2.459193e-06 2.780699e-03
1.20397       	-1.803601e-06 -5.890857e-06 3.945320e-02	-3.839577e-06 -8.278075e-06 3.652491e-02	2.035976e-06 2.387218e-06 2.928291e-03
1.20814       	-1.401562e-06 -5.967236e-06 4.623879e-02	-3.401884e-06 -8.277671e-06 4.316456e-02	2.000322e-06 2.310434e-06 3.074228e-03
1.21231       	-1.487963e-06 -5.671494e-06 5.304027e-02	-3.463142e-06 -7.918344e-06 4.982155e-02	1.975179e-06 2.246850e-06 3.218725e-03
1.21647       	-1.440183e-06 -5.686166e-06 5.988373e-02	-3.394539e-06 -7.872380e-06 5.652197e-02	1.954357e-06 2.186214e-06 3.361757e-03
1.22064       	-1.660264e-06 -6.241175e-06 6.667142e-02	-3.578623e-06 -8.347454e-06 6.316806e-02	1.918359e-06 2.106279e-06 3.503358e-03
1.2248        	-1.592949e-06 -6.118764e-06 7.346086e-02	-3.474150e-06 -8.146011e-06 6.981731e-02	1.881201e-06 2.027248e-06 3.643557e-03
1.22897       	-1.614682e-06 -5.811387e-06 8.034630e-02	-3.456583e-06 -7.769734e-06 7.656374e-02	1.841900e-06 1.958347e-06 3.782553e-03
1.23314       	-1.645950e-06 -6.308954e-06 8.720756e-02	-3.443269e-06 -8.194295e-06 8.328731e-02	1.797320e-06 1.885341e-06 3.920254e-03
1.2373        	-1.604710e-06 -6.036169e-06 9.410613e-02	-3.362791e-06 -7.852116e-06 9.004938e-02	1.758081e-06 1.815947e-06 4.056745e-03
1.24147       	-1.206558e-06 -5.598536e-06 1.009824e-01	-2.931975e-06 -7.360256e-06 9.679044e-02	1.725417e-06 1.761719e-06 4.191984e-03
1.24563       	-1.710031e-06 -5.940204e-06 1.079611e-01	-3.403596e-06 -7.639080e-06 1.036350e-01	1.693564e-06 1.698875e-06 4.326125e-03
1.2498        	-1.485407e-06 -5.999058e-06 1.148924e-01	-3.150367e-06 -7.625357e-06 1.104332e-01	1.664960e-06 1.626299e-06 4.459177e-03
1.25397       	-1.654054e-06 -5.965309e-06 1.218387e-01	-3.282176e-06 -7.520718e-06 1.172475e-01	1.628122e-06 1.555409e-06 4.591184e-03
1.25813       	-1.306229e-06 -5.736641e-06 1.287395e-01	-2.891527e-06 -7.220585e-06 1.240174e-01	1.585299e-06 1.483944e-06 4.722091e-03
1.2623        	-1.301290e-06 -5.479314e-06 1.357518e-01	-2.850501e-06 -6.896249e-06 1.308997e-01	1.549210e-06 1.416934e-06 4.852045e-03
1.26646       	-1.321719e-06 -5.431580e-06 1.427520e-01	-2.836387e-06 -6.783825e-06 1.377709e-01	1.514668e-06 1.352245e-06 4.981088e-03
1.27063       	-1.366554e-06 -6.075648e-06 1.497938e-01	-2.842717e-06 -7.349375e-06 1.446845e-01	1.476163e-06 1.273727e-06 5.109308e-03
1.2748        	-1.246908e-06 -5.330183e-06 1.568315e-01	-2.682281e-06 -6.537963e-06 1.515949e-01	1.435373e-06 1.207780e-06 5.236602e-03
1.27896       	-1.124498e-06 -5.448623e-06 1.639081e-01	-2.519819e-06 -6.597064e-06 1.585452e-01	1.395321e-06 1.148441e-06 5.362875e-03
1.28313       	-1.332144e-06 -5.628941e-06 1.709110e-01	-2.685267e-06 -6.711511e-06 1.654228e-01	1.353123e-06 1.082570e-06 5.488133e-03
1.28729       	-1.024195e-06 -5.353562e-06 1.779643e-01	-2.335698e-06 -6.367468e-06 1.723516e-01	1.311503e-06 1.013906e-06 5.612603e-03
1.29146       	-1.170135e-06 -5.681606e-06 1.850616e-01	-2.444654e-06 -6.630676e-06 1.793252e-01	1.274519e-06 9.490707e-07 5.736424e-03
1.29563       	-9.172605e-07 -5.607257e-06 1.921013e-01	-2.147158e-06 -6.489136e-06 1.862417e-01	1.229898e-06 8.818798e-07 5.859628e-03
1.29979       	-1.191338e-06 -5.432030e-06 1.992472e-01	-2.384163e-06 -6.240991e-06 1.932649e-01	1.192825e-06 8.089613e-07 5.982318e-03
1.303958      	-7.096429e-07 -5.089413e-06 2.063633e-01	-1.862130e-06 -5.826402e-06 2.002586e-01	1.152487e-06 7.369892e-07 6.104700e-03
1.308124      	-1.133150e-06 -4.985871e-06 2.134420e-01	-2.261438e-06 -5.668320e-06 2.072154e-01	1.128288e-06 6.824490e-07 6.226646e-03
1.31229       	-1.213089e-06 -5.578864e-06 2.205468e-01	-2.319008e-06 -6.199541e-06 2.141987e-01	1.105918e-06 6.206765e-07 6.348070e-03
1.316456      	-9.970081e-07 -5.222886e-06 2.277310e-01	-2.078277e-06 -5.782651e-06 2.212618e-01	1.081269e-06 5.597650e-07 6.469162e-03
1.320622      	-8.852175e-07 -4.982797e-06 2.348327e-01	-1.944251e-06 -5.489406e-06 2.282428e-01	1.059033e-06 5.066092e-07 6.589959e-03
1.324788      	-9.906170e-07 -5.233014e-06 2.419415e-01	-2.023911e-06 -5.682105e-06 2.352311e-01	1.033294e-06 4.490911e-07 6.710411e-03
1.328954      	-7.822725e-07 -4.764572e-06 2.491011e-01	-1.792054e-06 -5.164141e-06 2.422704e-01	1.009781e-06 3.995689e-07 6.830716e-03
1.33312       	-9.436777e-07 -5.085056e-06 2.562692e-01	-1.926130e-06 -5.430579e-06 2.493183e-01	9.824521e-07 3.455224e-07 6.950877e-03
1.337286      	-6.967507e-07 -5.000996e-06 2.634018e-01	-1.654547e-06 -5.289589e-06 2.563309e-01	9.577968e-07 2.885930e-07 7.070879e-03
1.341452      	-7.177186e-07 -4.713901e-06 2.706139e-01	-1.651340e-06 -4.954788e-06 2.634230e-01	9.336209e-07 2.408869e-07 7.190894e-03
1.345618      	-6.468280e-07 -5.113176e-06 2.777726e-01	-1.555519e-06 -5.299603e-06 2.704617e-01	9.086907e-07 1.864268e-07 7.310894e-03
1.349784      	-6.659764e-07 -4.950396e-06 2.849030e-01	-1.548415e-06 -5.082305e-06 2.774722e-01	8.824381e-07 1.319099e-07 7.430816e-03
1.35395       	-5.347111e-07 -4.898982e-06 2.921420e-01	-1.391801e-06 -4.982063e-06 2.845911e-01	8.570900e-07 8.308151e-08 7.550898e-03
1.358116      	-5.621683e-07 -4.898951e-06 2.993006e-01	-1.395086e-06 -4.935007e-06 2.916296e-01	8.329177e-07 3.605609e-08 7.671050e-03
1.362282      	-6.360291e-07 -4.974323e-06 3.065161e-01	-1.445228e-06 -4.966083e-06 2.987248e-01	8.091985e-07 -8.239649e-09 7.791342e-03
1.366448      	-3.260317e-07 -4.651449e-06 3.136716e-01	-1.112323e-06 -4.598737e-06 3.057597e-01	7.862917e-07 -5.271213e-08 7.911833e-03
1.370614      	-3.859703e-07 -4.794372e-06 3.208358e-01	-1.143065e-06 -4.694556e-06 3.128034e-01	7.570949e-07 -9.981628e-08 8.032440e-03
1.37478       	-1.521303e-07 -4.681648e-06 3.280685e-01	-8.805352e-07 -4.537177e-06 3.199152e-01	7.284048e-07 -1.444710e-07 8.153294e-03
1.378946      	-4.121587e-08 -4.509974e-06 3.352156e-01	-7.460469e-07 -4.330402e-06 3.269413e-01	7.048310e-07 -1.795723e-07 8.274369e-03
1.383112      	-1.082211e-10 -4.687513e-06 3.423985e-01	-6.847207e-07 -4.471135e-06 3.340028e-01	6.846125e-07 -2.163775e-07 8.395724e-03
1.387278      	2.411985e-07 -4.265464e-06 3.495599e-01	-4.131440e-07 -4.016443e-06 3.410426e-01	6.543425e-07 -2.490212e-07 8.517311e-03
1.391444      	3.194991e-07 -4.580638e-06 3.567618e-01	-2.945103e-07 -4.290638e-06 3.481227e-01	6.140094e-07 -2.899997e-07 8.639123e-03
1.39561       	4.018784e-07 -4.262302e-06 3.639021e-01	-1.690212e-07 -3.926758e-06 3.551408e-01	5.708996e-07 -3.355442e-07 8.761265e-03
1.399776      	8.173885e-07 -4.275077e-06 3.711215e-01	3.031050e-07 -3.886863e-06 3.622376e-01	5.142835e-07 -3.882147e-07 8.883822e-03
1.403942      	-5.755184e-07 -5.526531e-06 3.782964e-01	-1.060687e-06 -5.121150e-06 3.692896e-01	4.851685e-07 -4.053815e-07 9.006776e-03
1.408108      	-1.093158e-06 -6.536626e-06 3.854450e-01	-1.609446e-06 -6.176133e-06 3.763150e-01	5.162887e-07 -3.604932e-07 9.129940e-03
1.412274      	1.248779e-07 -4.985891e-06 3.926016e-01	-4.066279e-07 -4.644207e-06 3.833484e-01	5.315058e-07 -3.416837e-07 9.253185e-03
1.41644       	-6.725049e-07 -5.857687e-06 3.996937e-01	-1.226816e-06 -5.524035e-06 3.903170e-01	5.543107e-07 -3.336522e-07 9.376663e-03
1.420606      	-9.275060e-07 -6.529683e-06 4.068091e-01	-1.519713e-06 -6.220794e-06 3.973087e-01	5.922067e-07 -3.088893e-07 9.500430e-03
1.424772      	9.020924e-07 -4.195904e-06 4.139631e-01	2.931632e-07 -3.856726e-06 4.043384e-01	6.089292e-07 -3.391772e-07 9.624643e-03
1.428938      	7.114213e-07 -3.985426e-06 4.210998e-01	1.116020e-07 -3.586320e-06 4.113501e-01	5.998193e-07 -3.991069e-07 9.749674e-03
1.433104      	1.244096e-06 -3.762265e-06 4.282607e-01	6.488137e-07 -3.320600e-06 4.183851e-01	5.952825e-07 -4.416649e-07 9.875548e-03
1.43727       	1.173825e-06 -4.001338e-06 4.354124e-01	5.928984e-07 -3.510686e-06 4.254102e-01	5.809268e-07 -4.906521e-07 1.000221e-02
1.441436      	-4.365795e-07 -5.965041e-06 4.424617e-01	-1.017106e-06 -5.441218e-06 4.323323e-01	5.805261e-07 -5.238236e-07 1.012939e-02
1.445602      	7.444405e-07 -4.795100e-06 4.495434e-01	1.722772e-07 -4.240717e-06 4.392867e-01	5.721633e-07 -5.543829e-07 1.025671e-02
1.449768      	1.079356e-06 -4.353408e-06 4.566462e-01	5.217772e-07 -3.768396e-06 4.462619e-01	5.575790e-07 -5.850126e-07 1.038428e-02
1.453934      	1.056819e-06 -4.539084e-06 4.637294e-01	5.110266e-07 -3.926111e-06 4.532171e-01	5.457925e-07 -6.129729e-07 1.051224e-02
1.4581        	9.231331e-07 -4.448698e-06 4.707530e-01	3.863275e-07 -3.802998e-06 4.601123e-01	5.368056e-07 -6.457005e-07 1.064069e-02
1.462266      	1.187434e-06 -4.672332e-06 4.778858e-01	6.541916e-07 -4.007156e-06 4.671161e-01	5.332422e-07 -6.651763e-07 1.076973e-02
1.466432      	1.162878e-06 -5.229440e-06 4.849364e-01	6.360953e-07 -4.571417e-06 4.740373e-01	5.267828e-07 -6.580228e-07 1.089907e-02
1.470598      	1.227501e-06 -5.002843e-06 4.919592e-01	7.077488e-07 -4.360904e-06 4.809304e-01	5.197522e-07 -6.419388e-07 1.102877e-02
1.474764      	1.310702e-06 -4.946396e-06 4.990072e-01	7.967015e-07 -4.316577e-06 4.878488e-01	5.140004e-07 -6.298188e-07 1.115841e-02
1.47893       	1.270475e-06 -5.168966e-06 5.060705e-01	7.645369e-07 -4.547658e-06 4.947826e-01	5.059377e-07 -6.213072e-07 1.128786e-02
1.483096      	1.395719e-06 -4.921744e-06 5.131068e-01	8.962245e-07 -4.310980e-06 5.016904e-01	4.994940e-07 -6.107633e-07 1.141633e-02
1.487262      	1.327274e-06 -5.048833e-06 5.201505e-01	8.307778e-07 -4.448229e-06 5.086081e-01	4.964959e-07 -6.006035e-07 1.154238e-02
1.491428      	1.498787e-06 -4.975406e-06 5.272416e-01	1.010410e-06 -4.385814e-06 5.155780e-01	4.883776e-07 -5.895915e-07 1.166359e-02
1.495594      	1.772349e-06 -4.953792e-06 5.341000e-01	1.292813e-06 -4.386111e-06 5.223096e-01	4.795359e-07 -5.676815e-07 1.179040e-02
1.49976       	1.488779e-06 -5.128980e-06 5.410322e-01	1.014813e-06 -4.584029e-06 5.291064e-01	4.739656e-07 -5.449516e-07 1.192579e-02
1.503926      	1.697767e-06 -5.164093e-06 5.480230e-01	1.207866e-06 -4.650433e-06 5.359587e-01	4.899002e-07 -5.136601e-07 1.206423e-02
1.508092      	1.702261e-06 -5.281006e-06 5.550091e-01	1.217769e-06 -4.793714e-06 5.428075e-01	4.844913e-07 -4.872926e-07 1.220159e-02
1.512258      	2.151670e-06 -4.992806e-06 5.620210e-01	1.688456e-06 -4.521582e-06 5.496841e-01	4.632143e-07 -4.712234e-07 1.233687e-02
1.516424      	1.918540e-06 -5.106357e-06 5.689424e-01	1.454244e-06 -4.639971e-06 5.564700e-01	4.642959e-07 -4.663857e-07 1.247242e-02
1.52059       	2.033762e-06 -4.979983e-06 5.759222e-01	1.555579e-06 -4.534657e-06 5.633126e-01	4.781823e-07 -4.453255e-07 1.260962e-02
1.524756      	1.952345e-06 -5.465138e-06 5.829340e-01	1.469285e-06 -5.043362e-06 5.701856e-01	4.830604e-07 -4.217765e-07 1.274836e-02
1.528922      	2.233709e-06 -5.059129e-06 5.898304e-01	1.750069e-06 -4.669967e-06 5.769446e-01	4.836393e-07 -3.891625e-07 1.288586e-02
1.533088      	2.243265e-06 -4.994272e-06 5.967777e-01	1.763868e-06 -4.642767e-06 5.837557e-01	4.793966e-07 -3.515046e-07 1.302198e-02
1.537254      	2.355889e-06 -5.416056e-06 6.037068e-01	1.880175e-06 -5.095512e-06 5.905497e-01	4.757140e-07 -3.205431e-07 1.315718e-02
1.54142       	2.312950e-06 -5.457666e-06 6.106813e-01	1.839192e-06 -5.165940e-06 5.973902e-01	4.737577e-07 -2.917260e-07 1.329109e-02
1.545586      	2.516057e-06 -5.112824e-06 6.175829e-01	2.038796e-06 -4.861889e-06 6.041597e-01	4.772604e-07 -2.509352e-07 1.342325e-02
1.549752      	2.510277e-06 -5.324101e-06 6.245152e-01	2.028115e-06 -5.114831e-06 6.109612e-01	4.821615e-07 -2.092693e-07 1.355403e-02
1.553918      	2.769990e-06 -4.911970e-06 6.314937e-01	2.278995e-06 -4.753325e-06 6.178099e-01	4.909946e-07 -1.586446e-07 1.368372e-02
1.558084      	2.683967e-06 -5.315298e-06 6.384271e-01	2.186874e-06 -5.202982e-06 6.246152e-01	4.970928e-07 -1.123162e-07 1.381189e-02
1.56225       	2.732922e-06 -5.573181e-06 6.453272e-01	2.230499e-06 -5.499615e-06 6.313891e-01	5.024226e-07 -7.356667e-08 1.393809e-02
1.566416      	2.939690e-06 -5.329000e-06 6.523062e-01	2.427238e-06 -5.303228e-06 6.382437e-01	5.124523e-07 -2.577221e-08 1.406248e-02
1.570582      	3.019787e-06 -5.211204e-06 6.592849e-01	2.496638e-06 -5.240818e-06 6.451000e-01	5.231483e-07 2.961403e-08 1.418486e-02
1.574748      	3.001642e-06 -5.468568e-06 6.662533e-01	2.470214e-06 -5.550374e-06 6.519486e-01	5.314277e-07 8.180594e-08 1.430470e-02
1.578914      	3.124222e-06 -5.209897e-06 6.732092e-01	2.583839e-06 -5.350158e-06 6.587874e-01	5.403831e-07 1.402602e-07 1.442171e-02
1.58308       	3.220548e-06 -5.243312e-06 6.801553e-01	2.670008e-06 -5.446939e-06 6.656196e-01	5.505409e-07 2.036270e-07 1.453563e-02
1.587246      	3.296063e-06 -5.367667e-06 6.870960e-01	2.735395e-06 -5.632783e-06 6.724497e-01	5.606685e-07 2.651163e-07 1.464623e-02
1.591412      	3.352499e-06 -5.471446e-06 6.940120e-01	2.781856e-06 -5.797495e-06 6.792589e-01	5.706428e-07 3.260489e-07 1.475313e-02
1.595578      	3.556964e-06 -5.437999e-06 7.009284e-01	2.975086e-06 -5.828209e-06 6.860723e-01	5.818781e-07 3.902102e-07 1.485607e-02
1.599744      	3.558430e-06 -5.226726e-06 7.078795e-01	2.966191e-06 -5.690116e-06 6.929249e-01	5.922389e-07 4.633890e-07 1.495464e-02
1.60391       	3.611169e-06 -5.558942e-06 7.152292e-01	3.010186e-06 -6.093575e-06 7.001804e-01	6.009830e-07 5.346325e-07 1.504884e-02
1.608076      	3.674445e-06 -5.334218e-06 7.225837e-01	3.066192e-06 -5.946175e-06 7.074454e-01	6.082534e-07 6.119563e-07 1.513825e-02
1.612242      	4.050179e-06 -4.863881e-06 7.295896e-01	3.428409e-06 -5.569447e-06 7.143674e-01	6.217698e-07 7.055657e-07 1.522220e-02
1.616408      	3.765930e-06 -5.485712e-06 7.367069e-01	3.137520e-06 -6.276560e-06 7.214064e-01	6.284097e-07 7.908478e-07 1.530056e-02
1.620574      	4.069241e-06 -5.466804e-06 7.440675e-01	3.432988e-06 -6.340870e-06 7.286940e-01	6.362524e-07 8.740662e-07 1.537354e-02
1.62474       	4.138528e-06 -5.548659e-06 7.513159e-01	3.493129e-06 -6.511223e-06 7.358752e-01	6.453992e-07 9.625645e-07 1.544077e-02
1.628906      	4.273828e-06 -6.083949e-06 7.584974e-01	3.621091e-06 -7.129651e-06 7.429959e-01	6.527364e-07 1.045702e-06 1.550149e-02
1.633072      	4.322448e-06 -5.616789e-06 7.659198e-01	3.668486e-06 -6.758577e-06 7.503646e-01	6.539613e-07 1.141788e-06 1.555525e-02
1.637238      	4.527658e-06 -5.521389e-06 7.732718e-01	3.861876e-06 -6.770375e-06 7.576703e-01	6.657819e-07 1.248986e-06 1.560152e-02
1.641404      	4.668961e-06 -5.493030e-06 7.806615e-01	3.987202e-06 -6.860625e-06 7.650215e-01	6.817587e-07 1.367594e-06 1.563993e-02
1.64557       	4.505117e-06 -5.737576e-06 7.881337e-01	3.818968e-06 -7.222451e-06 7.724637e-01	6.861494e-07 1.484875e-06 1.567000e-02
1.649736      	5.106615e-06 -5.590279e-06 7.956114e-01	4.419036e-06 -7.195056e-06 7.799205e-01	6.875793e-07 1.604776e-06 1.569087e-02
1.653902      	5.195486e-06 -5.540968e-06 8.030791e-01	4.501679e-06 -7.264376e-06 7.873772e-01	6.938071e-07 1.723407e-06 1.570188e-02
1.658068      	5.248797e-06 -5.699588e-06 8.107611e-01	4.548883e-06 -7.556779e-06 7.950584e-01	6.999144e-07 1.857191e-06 1.570273e-02
1.662234      	5.482724e-06 -5.650653e-06 8.183609e-01	4.786838e-06 -7.648589e-06 8.026680e-01	6.958862e-07 1.997936e-06 1.569293e-02
1.6664        	5.441060e-06 -5.890753e-06 8.262051e-01	4.751883e-06 -8.032755e-06 8.105330e-01	6.891771e-07 2.142002e-06 1.567213e-02
1.670566      	5.692190e-06 -5.972897e-06 8.340472e-01	5.017122e-06 -8.257742e-06 8.184073e-01	6.750681e-07 2.284845e-06 1.563985e-02
1.674732      	5.551769e-06 -6.602432e-06 8.419783e-01	4.885851e-06 -9.045375e-06 8.263826e-01	6.659174e-07 2.442942e-06 1.559574e-02
1.678898      	6.580913e-06 -5.574753e-06 8.499642e-01	5.950328e-06 -8.154121e-06 8.344252e-01	6.305851e-07 2.579368e-06 1.553899e-02
1.683064      	5.612632e-06 -6.094884e-06 8.580089e-01	4.992161e-06 -8.828436e-06 8.425390e-01	6.204711e-07 2.733552e-06 1.546995e-02
1.68723       	6.548082e-06 -6.110073e-06 8.661064e-01	5.933179e-06 -9.014708e-06 8.507190e-01	6.149027e-07 2.904635e-06 1.538748e-02
1.691396      	6.011387e-06 -6.218368e-06 8.742894e-01	5.392926e-06 -9.302469e-06 8.589983e-01	6.184606e-07 3.084101e-06 1.529109e-02
1.695562      	5.716538e-06 -6.646993e-06 8.825233e-01	5.076924e-06 -9.918043e-06 8.673429e-01	6.396139e-07 3.271050e-06 1.518046e-02
1.699728      	6.197241e-06 -6.609035e-06 8.908318e-01	5.542745e-06 -1.006932e-05 8.757766e-01	6.544957e-07 3.460282e-06 1.505516e-02
1.703894      	6.271105e-06 -6.609000e-06 8.991771e-01	5.606143e-06 -1.026541e-05 8.842620e-01	6.649625e-07 3.656414e-06 1.491508e-02
1.70806       	6.458501e-06 -6.412955e-06 9.076230e-01	5.781897e-06 -1.027681e-05 8.928632e-01	6.766044e-07 3.863852e-06 1.475978e-02
1.712226      	6.653342e-06 -6.707543e-06 9.160815e-01	5.963770e-06 -1.078396e-05 9.014925e-01	6.895721e-07 4.076412e-06 1.458902e-02
1.716392      	6.767725e-06 -6.538141e-06 9.246121e-01	6.063193e-06 -1.083616e-05 9.102092e-01	7.045319e-07 4.298021e-06 1.440293e-02
1.720558      	6.779657e-06 -6.719607e-06 9.331763e-01	6.058050e-06 -1.125039e-05 9.189746e-01	7.216071e-07 4.530782e-06 1.420170e-02
1.724724      	6.977078e-06 -6.662999e-06 9.417842e-01	6.233783e-06 -1.143751e-05 9.277991e-01	7.432950e-07 4.774508e-06 1.398516e-02
1.72889       	6.958654e-06 -6.608453e-06 9.504740e-01	6.191495e-06 -1.163649e-05 9.367206e-01	7.671591e-07 5.028042e-06 1.375342e-02
1.733056      	7.107564e-06 -6.640438e-06 9.591338e-01	6.312191e-06 -1.193021e-05 9.456269e-01	7.953734e-07 5.289773e-06 1.350682e-02
1.737222      	7.153675e-06 -6.706902e-06 9.678068e-01	6.325334e-06 -1.226707e-05 9.545611e-01	8.283410e-07 5.560165e-06 1.324566e-02
1.741388      	7.188600e-06 -6.798669e-06 9.765253e-01	6.322064e-06 -1.263746e-05 9.635548e-01	8.665366e-07 5.838793e-06 1.297047e-02
1.745554      	7.156534e-06 -6.868117e-06 9.852000e-01	6.249478e-06 -1.299139e-05 9.725182e-01	9.070561e-07 6.123272e-06 1.268178e-02
1.74972       	7.349954e-06 -6.563546e-06 9.938712e-01	6.395785e-06 -1.298535e-05 9.814912e-01	9.541691e-07 6.421801e-06 1.238003e-02
1.753886      	7.442563e-06 -6.554637e-06 1.002533e+00	6.438267e-06 -1.327370e-05 9.904672e-01	1.004296e-06 6.719060e-06 1.206629e-02
1.758052      	7.471624e-06 -6.215559e-06 1.011141e+00	6.412327e-06 -1.323941e-05 9.994004e-01	1.059297e-06 7.023848e-06 1.174101e-02
1.762218      	7.563292e-06 -6.184051e-06 1.019775e+00	6.440172e-06 -1.352678e-05 1.008370e+00	1.123120e-06 7.342725e-06 1.140506e-02
1.766384      	7.487916e-06 -6.173009e-06 1.028286e+00	6.289854e-06 -1.384309e-05 1.017226e+00	1.198061e-06 7.670082e-06 1.106006e-02
1.77055       	7.412434e-06 -5.827543e-06 1.036755e+00	6.112687e-06 -1.384265e-05 1.026048e+00	1.299746e-06 8.015108e-06 1.070702e-02
1.774716      	7.316967e-06 -5.507079e-06 1.045135e+00	5.879045e-06 -1.388363e-05 1.034787e+00	1.437923e-06 8.376555e-06 1.034748e-02
1.778882      	7.154743e-06 -5.845267e-06 1.053409e+00	5.567727e-06 -1.458762e-05 1.043426e+00	1.587017e-06 8.742356e-06 9.983362e-03
1.783048      	7.497523e-06 -4.721552e-06 1.061564e+00	5.757117e-06 -1.383534e-05 1.051948e+00	1.740407e-06 9.113784e-06 9.616018e-03
1.787214      	7.612531e-06 -4.119523e-06 1.069622e+00	5.706688e-06 -1.361166e-05 1.060375e+00	1.905843e-06 9.492141e-06 9.246710e-03
1.79138       	7.622460e-06 -3.646762e-06 1.077533e+00	5.553281e-06 -1.351872e-05 1.068657e+00	2.069178e-06 9.871957e-06 8.876632e-03
1.795546      	7.662346e-06 -2.905068e-06 1.085318e+00	5.413870e-06 -1.317228e-05 1.076810e+00	2.248476e-06 1.026721e-05 8.507316e-03
1.799712      	7.270408e-06 -2.573062e-06 1.092927e+00	4.788931e-06 -1.323697e-05 1.084787e+00	2.481477e-06 1.066391e-05 8.140360e-03
1.803878      	7.438095e-06 -1.761995e-06 1.100328e+00	4.701026e-06 -1.283023e-05 1.092550e+00	2.737070e-06 1.106824e-05 7.777753e-03
1.808044      	7.306430e-06 -1.195430e-06 1.107670e+00	4.300223e-06 -1.268484e-05 1.100249e+00	3.006207e-06 1.148941e-05 7.421196e-03
1.81221       	7.089940e-06 -5.934180e-07 1.114801e+00	3.755446e-06 -1.253037e-05 1.107728e+00	3.334494e-06 1.193695e-05 7.072505e-03
1.816376      	7.192445e-06 4.769574e-07 1.121728e+00	3.494908e-06 -1.191737e-05 1.114994e+00	3.697537e-06 1.239433e-05 6.734096e-03
1.820542      	6.959206e-06 1.380882e-06 1.128522e+00	2.899988e-06 -1.147209e-05 1.122114e+00	4.059218e-06 1.285297e-05 6.408049e-03
1.824708      	6.721305e-06 2.128694e-06 1.135138e+00	2.271904e-06 -1.117969e-05 1.129042e+00	4.449401e-06 1.330838e-05 6.096219e-03
1.828874      	6.295366e-06 2.569618e-06 1.141653e+00	1.423066e-06 -1.120757e-05 1.135853e+00	4.872299e-06 1.377719e-05 5.800568e-03
1.83304       	6.897646e-06 4.534765e-06 1.147985e+00	1.559555e-06 -9.739552e-06 1.142462e+00	5.338091e-06 1.427432e-05 5.523688e-03
1.837206      	6.800869e-06 5.310356e-06 1.154125e+00	9.579912e-07 -9.485157e-06 1.148857e+00	5.842877e-06 1.479551e-05 5.267586e-03
1.841372      	6.398045e-06 6.215108e-06 1.160212e+00	1.150631e-08 -9.115947e-06 1.155178e+00	6.386539e-06 1.533106e-05 5.033885e-03
1.845538      	6.171254e-06 6.548988e-06 1.166164e+00	-7.615935e-07 -9.296218e-06 1.161339e+00	6.932847e-06 1.584521e-05 4.824634e-03
1.849704      	6.166069e-06 7.388683e-06 1.172083e+00	-1.319784e-06 -8.965460e-06 1.167441e+00	7.485854e-06 1.635414e-05 4.641945e-03
1.85387       	5.814184e-06 8.595084e-06 1.177922e+00	-2.252555e-06 -8.268638e-06 1.173434e+00	8.066740e-06 1.686372e-05 4.487602e-03
1.858036      	5.722301e-06 9.575041e-06 1.183740e+00	-2.931421e-06 -7.784434e-06 1.179376e+00	8.653723e-06 1.735948e-05 4.363193e-03
1.862202      	5.678762e-06 1.091335e-05 1.189568e+00	-3.573919e-06 -6.936488e-06 1.185299e+00	9.252681e-06 1.784984e-05 4.269733e-03
1.866368      	5.098906e-06 1.134098e-05 1.195461e+00	-4.757367e-06 -6.981528e-06 1.191252e+00	9.856273e-06 1.832251e-05 4.208684e-03
1.870534      	4.951587e-06 1.201000e-05 1.201322e+00	-5.510883e-06 -6.779232e-06 1.197141e+00	1.046247e-05 1.878923e-05 4.181095e-03
1.8747        	4.774008e-06 1.264458e-05 1.207429e+00	-6.290630e-06 -6.602240e-06 1.203242e+00	1.106464e-05 1.924682e-05 4.187774e-03
1.878866      	3.003861e-06 1.295857e-05 1.213610e+00	-8.663716e-06 -6.739397e-06 1.209381e+00	1.166758e-05 1.969797e-05 4.228642e-03
1.883032      	4.804647e-06 1.551674e-05 1.219883e+00	-7.400093e-06 -4.561575e-06 1.215579e+00	1.220474e-05 2.007831e-05 4.303602e-03
1.887198      	2.646737e-06 1.344864e-05 1.226384e+00	-1.004162e-05 -6.993103e-06 1.221971e+00	1.268836e-05 2.044174e-05 4.412371e-03
1.891364      	1.376251e-06 1.308814e-05 1.233235e+00	-1.175997e-05 -7.718238e-06 1.228681e+00	1.313622e-05 2.080638e-05 4.553475e-03
1.89553       	3.956284e-07 1.265476e-05 1.240108e+00	-1.315370e-05 -8.497010e-06 1.235383e+00	1.354933e-05 2.115177e-05 4.724641e-03
1.899696      	2.725665e-07 1.309948e-05 1.247112e+00	-1.366965e-05 -8.409684e-06 1.242187e+00	1.394222e-05 2.150917e-05 4.924608e-03
1.903862      	-2.175255e-07 1.127183e-05 1.254272e+00	-1.452390e-05 -1.061495e-05 1.249120e+00	1.430638e-05 2.188679e-05 5.152747e-03
1.908028      	-2.396268e-06 1.196350e-05 1.261622e+00	-1.708367e-05 -1.029752e-05 1.256215e+00	1.468740e-05 2.226102e-05 5.406986e-03
1.912194      	-3.577974e-06 1.178480e-05 1.269359e+00	-1.859395e-05 -1.081850e-05 1.263679e+00	1.501597e-05 2.260330e-05 5.679116e-03
1.91636       	-3.298602e-06 1.192888e-05 1.277293e+00	-1.862050e-05 -1.099476e-05 1.271331e+00	1.532189e-05 2.292363e-05 5.961821e-03
1.920526      	-4.805221e-06 1.074452e-05 1.285123e+00	-2.039402e-05 -1.248508e-05 1.278868e+00	1.558880e-05 2.322960e-05 6.254671e-03
1.924692      	-4.334502e-06 1.075957e-05 1.293096e+00	-2.011516e-05 -1.274855e-05 1.286540e+00	1.578065e-05 2.350811e-05 6.555345e-03
1.928858      	-5.661882e-06 1.049335e-05 1.301253e+00	-2.166423e-05 -1.329978e-05 1.294392e+00	1.600234e-05 2.379313e-05 6.860408e-03
1.933024      	-6.803479e-06 8.729612e-06 1.309268e+00	-2.300007e-05 -1.533792e-05 1.302102e+00	1.619659e-05 2.406753e-05 7.166035e-03
1.93719       	-6.677723e-06 9.174533e-06 1.317282e+00	-2.298720e-05 -1.510340e-05 1.309814e+00	1.630947e-05 2.427793e-05 7.467619e-03
1.941356      	-7.303423e-06 8.895333e-06 1.325220e+00	-2.372806e-05 -1.551411e-05 1.317460e+00	1.642464e-05 2.440945e-05 7.759761e-03
1.945522      	-6.705852e-06 9.699094e-06 1.333068e+00	-2.321415e-05 -1.477933e-05 1.325029e+00	1.650830e-05 2.447843e-05 8.038822e-03
1.949688      	-8.821066e-06 6.900928e-06 1.340808e+00	-2.541953e-05 -1.769827e-05 1.332506e+00	1.659846e-05 2.459920e-05 8.302327e-03
1.953854      	-9.562062e-06 5.438110e-06 1.348232e+00	-2.623945e-05 -1.929472e-05 1.339684e+00	1.667739e-05 2.473283e-05 8.548440e-03
1.95802       	-1.017913e-05 5.979414e-06 1.355556e+00	-2.691856e-05 -1.872567e-05 1.346779e+00	1.673943e-05 2.470508e-05 8.776407e-03
1.962186      	-7.776668e-06 9.827433e-06 1.362670e+00	-2.437788e-05 -1.444922e-05 1.353686e+00	1.660121e-05 2.427665e-05 8.983787e-03
1.966352      	-1.165129e-05 1.154233e-06 1.369575e+00	-2.815668e-05 -2.295849e-05 1.360409e+00	1.650540e-05 2.411272e-05 9.166075e-03
1.970518      	-1.178276e-05 1.895976e-06 1.376254e+00	-2.833056e-05 -2.235061e-05 1.366930e+00	1.654780e-05 2.424659e-05 9.324845e-03
1.974684      	-1.155400e-05 1.748283e-06 1.382594e+00	-2.816948e-05 -2.263768e-05 1.373130e+00	1.661548e-05 2.438596e-05 9.463484e-03
1.97885       	-1.341396e-05 -3.610174e-08 1.388551e+00	-3.009511e-05 -2.451004e-05 1.378962e+00	1.668115e-05 2.447394e-05 9.588693e-03
1.983016      	-1.345079e-05 -1.490290e-06 1.394513e+00	-3.019328e-05 -2.601812e-05 1.384812e+00	1.674250e-05 2.452783e-05 9.700908e-03
1.987182      	-1.437620e-05 -2.885694e-06 1.400281e+00	-3.118689e-05 -2.747853e-05 1.390485e+00	1.681069e-05 2.459284e-05 9.796084e-03
1.991348      	-1.480593e-05 -3.929837e-06 1.405888e+00	-3.169746e-05 -2.858309e-05 1.396014e+00	1.689153e-05 2.465325e-05 9.873959e-03
1.995514      	-1.520328e-05 -4.771489e-06 1.411247e+00	-3.218448e-05 -2.947308e-05 1.401311e+00	1.698120e-05 2.470159e-05 9.935934e-03
1.99968       	-1.556123e-05 -5.900554e-06 1.416536e+00	-3.263406e-05 -3.064378e-05 1.406552e+00	1.707283e-05 2.474322e-05 9.984219e-03
2.003846      	-1.644268e-05 -7.183691e-06 1.421761e+00	-3.359967e-05 -3.195645e-05 1.411742e+00	1.715699e-05 2.477276e-05 1.001993e-02
2.008012      	-1.666848e-05 -8.141895e-06 1.427281e+00	-3.391678e-05 -3.294448e-05 1.417236e+00	1.724830e-05 2.480258e-05 1.004464e-02
2.012178      	-1.751968e-05 -9.983266e-06 1.432298e+00	-3.486420e-05 -3.481030e-05 1.422241e+00	1.734453e-05 2.482703e-05 1.005703e-02
2.016344      	-1.685235e-05 -9.697479e-06 1.437459e+00	-3.430079e-05 -3.456459e-05 1.427403e+00	1.744844e-05 2.486711e-05 1.005565e-02
2.02051       	-1.781219e-05 -1.147615e-05 1.442614e+00	-3.536131e-05 -3.638654e-05 1.432572e+00	1.754912e-05 2.491038e-05 1.004141e-02
2.024676      	-1.797221e-05 -1.227409e-05 1.447873e+00	-3.562517e-05 -3.723367e-05 1.437858e+00	1.765296e-05 2.495958e-05 1.001494e-02
2.028842      	-1.854553e-05 -1.351552e-05 1.453162e+00	-3.630109e-05 -3.852697e-05 1.443185e+00	1.775556e-05 2.501145e-05 9.976353e-03
2.033008      	-1.819074e-05 -1.424340e-05 1.458654e+00	-3.605544e-05 -3.929960e-05 1.448730e+00	1.786470e-05 2.505620e-05 9.924208e-03
2.037174      	-1.889354e-05 -1.582055e-05 1.464094e+00	-3.686338e-05 -4.091579e-05 1.454235e+00	1.796984e-05 2.509524e-05 9.859849e-03
2.04134       	-1.916823e-05 -1.594966e-05 1.469568e+00	-3.726465e-05 -4.110621e-05 1.459785e+00	1.809642e-05 2.515655e-05 9.783045e-03
2.045506      	-2.028943e-05 -1.795398e-05 1.475100e+00	-3.853239e-05 -4.318768e-05 1.465408e+00	1.824296e-05 2.523370e-05 9.691949e-03
2.049672      	-2.033548e-05 -1.876970e-05 1.480909e+00	-3.873056e-05 -4.408463e-05 1.471323e+00	1.839508e-05 2.531493e-05 9.586307e-03
2.053838      	-2.111420e-05 -2.019810e-05 1.486458e+00	-3.966774e-05 -4.560516e-05 1.476992e+00	1.855354e-05 2.540706e-05 9.466322e-03
2.058004      	-2.216915e-05 -2.197026e-05 1.492601e+00	-4.087746e-05 -4.747976e-05 1.483270e+00	1.870831e-05 2.550950e-05 9.331412e-03
2.06217       	-2.298888e-05 -2.334266e-05 1.498688e+00	-4.186239e-05 -4.895630e-05 1.489507e+00	1.887351e-05 2.561364e-05 9.181688e-03
2.066336      	-2.359397e-05 -2.391124e-05 1.505040e+00	-4.267689e-05 -4.965225e-05 1.496023e+00	1.908291e-05 2.574101e-05 9.017279e-03
2.070502      	-2.371095e-05 -2.531093e-05 1.511454e+00	-4.301623e-05 -5.118873e-05 1.502615e+00	1.930528e-05 2.587779e-05 8.838766e-03
2.074668      	-2.477341e-05 -2.637488e-05 1.518172e+00	-4.430118e-05 -5.239362e-05 1.509526e+00	1.952777e-05 2.601874e-05 8.646784e-03
2.078834      	-2.555198e-05 -2.828155e-05 1.524609e+00	-4.531216e-05 -5.443236e-05 1.516168e+00	1.976018e-05 2.615082e-05 8.441245e-03
2.083         	-2.631812e-05 -2.894698e-05 1.531053e+00	-4.631690e-05 -5.523532e-05 1.522831e+00	1.999878e-05 2.628834e-05 8.222130e-03
