# Moment      
# CofR        : (0.000000e+00 0.000000e+00 0.000000e+00)
#
# Time        	(total_x total_y total_z)	(pressure_x pressure_y pressure_z)	(viscous_x viscous_y viscous_z)
0.004166      	(-5.801621e-05 9.870573e-05 -4.429292e-08)	(-4.931524e-05 1.069166e-04 3.837841e-09)	(-8.700978e-06 -8.210870e-06 -4.813076e-08)
0.008332      	(-4.915597e-05 -3.351656e-05 -5.168140e-08)	(-3.685469e-05 -1.917368e-05 3.055443e-09)	(-1.230128e-05 -1.434289e-05 -5.473684e-08)
0.012498      	(-1.725705e-05 -4.853640e-05 -3.508798e-08)	(-9.160843e-06 -3.010512e-05 1.790691e-09)	(-8.096209e-06 -1.843128e-05 -3.687867e-08)
0.016664      	(-3.066256e-05 -2.485162e-05 -2.071183e-08)	(-2.787684e-05 -5.223691e-06 1.012097e-09)	(-2.785719e-06 -1.962793e-05 -2.172393e-08)
0.02083       	(-4.128880e-05 -1.872800e-05 -1.137405e-08)	(-4.146747e-05 4.886495e-07 7.489074e-10)	(1.786732e-07 -1.921665e-05 -1.212296e-08)
0.024996      	(2.041833e-05 -5.128653e-05 -5.945420e-09)	(1.754763e-05 -3.233379e-05 7.027775e-10)	(2.870706e-06 -1.895274e-05 -6.648198e-09)
0.029162      	(-2.845832e-05 -8.754505e-06 -3.091671e-09)	(-3.267788e-05 9.138701e-06 6.251183e-10)	(4.219560e-06 -1.789321e-05 -3.716789e-09)
0.033328      	(-9.553488e-06 -2.362144e-05 -7.587723e-10)	(-1.451016e-05 -6.857545e-06 5.979889e-10)	(4.956676e-06 -1.676389e-05 -1.356761e-09)
0.037494      	(-5.336198e-06 -2.214426e-05 6.856982e-10)	(-1.091619e-05 -6.322585e-06 5.529341e-10)	(5.579993e-06 -1.582167e-05 1.327641e-10)
0.04166       	(-8.711572e-06 -1.695672e-05 1.079659e-09)	(-1.451497e-05 -2.167421e-06 5.169642e-10)	(5.803394e-06 -1.478930e-05 5.626949e-10)
0.045826      	(-6.477577e-06 -1.623297e-05 1.577656e-09)	(-1.228454e-05 -2.442080e-06 4.976582e-10)	(5.806966e-06 -1.379089e-05 1.079997e-09)
0.049992      	(-6.199734e-06 -1.479269e-05 2.225506e-09)	(-1.196797e-05 -1.873825e-06 4.759986e-10)	(5.768236e-06 -1.291886e-05 1.749507e-09)
0.054158      	(-5.579562e-06 -1.357011e-05 2.973293e-09)	(-1.122935e-05 -1.471471e-06 4.544296e-10)	(5.649785e-06 -1.209864e-05 2.518864e-09)
0.058324      	(-3.462994e-06 -1.258397e-05 4.953433e-09)	(-8.878240e-06 -1.264013e-06 4.140113e-10)	(5.415246e-06 -1.131996e-05 4.539421e-09)
0.06249       	(-7.175559e-06 -1.045758e-05 6.237778e-09)	(-1.239407e-05 1.571907e-07 3.890582e-10)	(5.218509e-06 -1.061477e-05 5.848720e-09)
0.066656      	(-5.464836e-06 -1.040220e-05 5.680285e-09)	(-1.058469e-05 -4.106048e-07 4.308774e-10)	(5.119859e-06 -9.991594e-06 5.249408e-09)
0.070822      	(-3.830994e-06 -9.967516e-06 5.284806e-09)	(-8.865549e-06 -5.458247e-07 3.940178e-10)	(5.034555e-06 -9.421691e-06 4.890788e-09)
0.074988      	(-3.997026e-06 -8.915903e-06 6.020501e-09)	(-8.914297e-06 -4.039823e-08 3.496920e-10)	(4.917271e-06 -8.875505e-06 5.670809e-09)
0.079154      	(-3.441130e-06 -8.715422e-06 6.608482e-09)	(-8.223042e-06 -3.581343e-07 3.329871e-10)	(4.781912e-06 -8.357288e-06 6.275494e-09)
0.08332       	(-2.284830e-06 -8.275368e-06 6.923093e-09)	(-6.932681e-06 -4.050444e-07 3.127839e-10)	(4.647851e-06 -7.870324e-06 6.610309e-09)
0.087486      	(-1.839911e-06 -7.993543e-06 7.160042e-09)	(-6.356030e-06 -5.791487e-07 2.929162e-10)	(4.516118e-06 -7.414394e-06 6.867126e-09)
0.091652      	(-1.293894e-06 -7.719510e-06 7.315121e-09)	(-5.682366e-06 -7.358022e-07 2.721340e-10)	(4.388472e-06 -6.983707e-06 7.042987e-09)
0.095818      	(-6.712007e-07 -7.192094e-06 7.587044e-09)	(-4.933383e-06 -6.150429e-07 2.541434e-10)	(4.262182e-06 -6.577051e-06 7.332900e-09)
0.099984      	(2.011050e-07 -7.276847e-06 7.905828e-09)	(-3.935749e-06 -1.079543e-06 2.337209e-10)	(4.136853e-06 -6.197303e-06 7.672108e-09)
0.10415       	(1.172770e-06 -7.512962e-06 8.131843e-09)	(-2.836668e-06 -1.670634e-06 2.155800e-10)	(4.009438e-06 -5.842328e-06 7.916263e-09)
0.108316      	(1.637894e-06 -6.906148e-06 8.113072e-09)	(-2.242646e-06 -1.405418e-06 1.995977e-10)	(3.880540e-06 -5.500730e-06 7.913475e-09)
0.112482      	(1.918886e-06 -7.068093e-06 7.729620e-09)	(-1.844132e-06 -1.890845e-06 1.842559e-10)	(3.763018e-06 -5.177248e-06 7.545364e-09)
0.116648      	(2.596562e-06 -6.837532e-06 7.503381e-09)	(-1.052069e-06 -1.968286e-06 1.691966e-10)	(3.648631e-06 -4.869247e-06 7.334184e-09)
0.120814      	(2.790982e-06 -6.300745e-06 7.368662e-09)	(-7.402145e-07 -1.712800e-06 1.562340e-10)	(3.531197e-06 -4.587945e-06 7.212428e-09)
0.12498       	(4.012372e-06 -7.699064e-06 7.098750e-09)	(6.198958e-07 -3.420016e-06 1.423866e-10)	(3.392477e-06 -4.279048e-06 6.956363e-09)
0.129146      	(4.035193e-06 -8.159711e-06 6.889160e-09)	(7.865539e-07 -4.208296e-06 1.008749e-10)	(3.248639e-06 -3.951415e-06 6.788285e-09)
0.133312      	(5.691819e-06 -6.548242e-06 7.164126e-09)	(2.572251e-06 -2.878164e-06 1.194960e-10)	(3.119568e-06 -3.670078e-06 7.044630e-09)
0.137478      	(5.149417e-06 -6.257312e-06 7.322687e-09)	(2.153902e-06 -2.834919e-06 1.026628e-10)	(2.995515e-06 -3.422393e-06 7.220024e-09)
0.141644      	(6.628347e-06 -7.565107e-06 7.106707e-09)	(3.751147e-06 -4.399064e-06 1.078577e-10)	(2.877199e-06 -3.166043e-06 6.998849e-09)
0.14581       	(5.219777e-06 -6.315645e-06 6.892510e-09)	(2.452293e-06 -3.387039e-06 8.325136e-11)	(2.767484e-06 -2.928606e-06 6.809259e-09)
0.149976      	(6.323676e-06 -6.407611e-06 6.755446e-09)	(3.656008e-06 -3.684988e-06 7.416250e-11)	(2.667668e-06 -2.722623e-06 6.681283e-09)
0.154142      	(6.501097e-06 -6.398875e-06 6.407195e-09)	(3.937008e-06 -3.871967e-06 4.433333e-11)	(2.564089e-06 -2.526908e-06 6.362862e-09)
0.158308      	(6.236948e-06 -5.665784e-06 6.375629e-09)	(3.773709e-06 -3.329680e-06 6.183226e-11)	(2.463239e-06 -2.336104e-06 6.313797e-09)
0.162474      	(7.255739e-06 -6.243511e-06 6.217156e-09)	(4.877764e-06 -4.084438e-06 3.515963e-11)	(2.377975e-06 -2.159073e-06 6.181996e-09)
0.16664       	(7.164701e-06 -6.209900e-06 5.932608e-09)	(4.864415e-06 -4.208849e-06 3.297082e-11)	(2.300285e-06 -2.001051e-06 5.899637e-09)
0.170806      	(7.303091e-06 -6.081492e-06 5.745839e-09)	(5.061216e-06 -4.220492e-06 1.487900e-11)	(2.241875e-06 -1.861000e-06 5.730960e-09)
0.174972      	(7.200663e-06 -5.346743e-06 5.663555e-09)	(5.038586e-06 -3.629726e-06 2.174708e-11)	(2.162077e-06 -1.717017e-06 5.641808e-09)
0.179138      	(6.770701e-06 -5.488098e-06 5.368100e-09)	(4.715817e-06 -3.920200e-06 1.726595e-11)	(2.054884e-06 -1.567898e-06 5.350834e-09)
0.183304      	(7.969502e-06 -5.367067e-06 4.984396e-09)	(5.983871e-06 -3.931999e-06 6.896551e-12)	(1.985631e-06 -1.435068e-06 4.977500e-09)
0.18747       	(7.044918e-06 -5.460459e-06 4.682642e-09)	(5.110737e-06 -4.147371e-06 4.024137e-12)	(1.934181e-06 -1.313088e-06 4.678618e-09)
0.191636      	(7.784809e-06 -5.254101e-06 4.356211e-09)	(5.901956e-06 -4.054967e-06 -1.670520e-12)	(1.882853e-06 -1.199133e-06 4.357881e-09)
0.195802      	(7.380370e-06 -5.270475e-06 4.041782e-09)	(5.541813e-06 -4.177657e-06 -7.455097e-12)	(1.838556e-06 -1.092818e-06 4.049237e-09)
0.199968      	(7.442971e-06 -4.852351e-06 3.723700e-09)	(5.645059e-06 -3.858316e-06 -1.152561e-11)	(1.797913e-06 -9.940348e-07 3.735225e-09)
0.204134      	(7.191733e-06 -4.478268e-06 3.409024e-09)	(5.444083e-06 -3.588567e-06 -2.198614e-11)	(1.747650e-06 -8.897007e-07 3.431010e-09)
0.2083        	(7.415066e-06 -4.526484e-06 3.167700e-09)	(5.719394e-06 -3.731499e-06 -2.010538e-11)	(1.695673e-06 -7.949848e-07 3.187805e-09)
0.212466      	(8.606831e-06 -5.181883e-06 2.847506e-09)	(6.944005e-06 -4.465163e-06 -3.384491e-11)	(1.662826e-06 -7.167195e-07 2.881351e-09)
0.216632      	(6.955854e-06 -3.987899e-06 2.547070e-09)	(5.339690e-06 -3.352425e-06 -3.103288e-11)	(1.616164e-06 -6.354740e-07 2.578103e-09)
0.220798      	(6.950187e-06 -3.920849e-06 2.342679e-09)	(5.389548e-06 -3.362566e-06 -3.712602e-11)	(1.560639e-06 -5.582836e-07 2.379805e-09)
0.224964      	(8.037826e-06 -4.283104e-06 1.997684e-09)	(6.520112e-06 -3.791357e-06 -4.392647e-11)	(1.517713e-06 -4.917467e-07 2.041611e-09)
0.22913       	(7.405301e-06 -4.167415e-06 1.558976e-09)	(5.930706e-06 -3.733120e-06 -4.282232e-11)	(1.474595e-06 -4.342949e-07 1.601799e-09)
0.233296      	(6.963462e-06 -3.918142e-06 1.191354e-09)	(5.534098e-06 -3.543809e-06 -4.504920e-11)	(1.429363e-06 -3.743330e-07 1.236403e-09)
0.237462      	(6.723413e-06 -3.496131e-06 8.735357e-10)	(5.343903e-06 -3.180385e-06 -5.682542e-11)	(1.379510e-06 -3.157459e-07 9.303611e-10)
0.241628      	(7.207550e-06 -3.909431e-06 7.171154e-10)	(5.872602e-06 -3.643014e-06 -5.401471e-11)	(1.334948e-06 -2.664170e-07 7.711302e-10)
0.245794      	(7.153835e-06 -3.534277e-06 6.759306e-10)	(5.861236e-06 -3.313238e-06 -5.883136e-11)	(1.292600e-06 -2.210395e-07 7.347620e-10)
0.24996       	(5.911763e-06 -2.826450e-06 4.580682e-10)	(4.673810e-06 -2.656259e-06 -8.869343e-11)	(1.237952e-06 -1.701907e-07 5.467617e-10)
0.254126      	(5.112768e-06 -1.771925e-06 6.792240e-11)	(3.955738e-06 -1.679139e-06 -3.959150e-11)	(1.157030e-06 -9.278636e-08 1.075139e-10)
0.258292      	(4.556027e-06 -1.867559e-06 -2.566309e-10)	(3.472513e-06 -1.838132e-06 -2.478367e-11)	(1.083514e-06 -2.942777e-08 -2.318472e-10)
0.262458      	(5.949878e-06 -2.333572e-06 -5.238301e-10)	(4.901615e-06 -2.332142e-06 -4.456427e-11)	(1.048264e-06 -1.429695e-09 -4.792659e-10)
0.266624      	(5.857153e-06 -2.839258e-06 -7.183159e-10)	(4.831081e-06 -2.850238e-06 -4.383172e-11)	(1.026072e-06 1.098085e-08 -6.744842e-10)
0.27079       	(4.749238e-06 -1.525844e-06 -9.945306e-10)	(3.760678e-06 -1.561495e-06 -6.632074e-11)	(9.885602e-07 3.565166e-08 -9.282099e-10)
0.274956      	(2.888969e-06 -3.496493e-08 -1.121178e-09)	(1.973595e-06 -1.226105e-07 5.093212e-11)	(9.153745e-07 8.764558e-08 -1.172110e-09)
0.279122      	(5.453810e-06 -2.240474e-06 -1.385928e-09)	(4.565027e-06 -2.338628e-06 -4.072430e-11)	(8.887832e-07 9.815463e-08 -1.345203e-09)
0.283288      	(6.918183e-06 -2.402446e-06 -1.583604e-09)	(6.020389e-06 -2.489929e-06 -4.459669e-11)	(8.977940e-07 8.748273e-08 -1.539007e-09)
0.287454      	(5.663716e-06 -2.263169e-06 -1.808956e-09)	(4.769653e-06 -2.351757e-06 -4.327726e-11)	(8.940635e-07 8.858744e-08 -1.765679e-09)
0.29162       	(5.870502e-06 -2.065144e-06 -2.034930e-09)	(4.990059e-06 -2.154240e-06 -5.861364e-11)	(8.804427e-07 8.909663e-08 -1.976316e-09)
0.295786      	(3.878509e-06 -6.188072e-07 -2.104726e-09)	(3.038291e-06 -7.246964e-07 -1.879795e-11)	(8.402183e-07 1.058892e-07 -2.085928e-09)
0.299952      	(4.854410e-06 -7.493676e-07 -2.239285e-09)	(4.059200e-06 -8.761735e-07 -3.905077e-11)	(7.952105e-07 1.268059e-07 -2.200234e-09)
0.304118      	(4.640196e-06 -9.641884e-07 -2.456762e-09)	(3.874739e-06 -1.103057e-06 -4.191125e-11)	(7.654572e-07 1.388688e-07 -2.414851e-09)
0.308284      	(4.291589e-06 -7.599333e-07 -2.694525e-09)	(3.555450e-06 -9.040166e-07 -3.782282e-11)	(7.361391e-07 1.440833e-07 -2.656702e-09)
0.31245       	(5.023849e-06 -6.836417e-07 -2.825989e-09)	(4.308856e-06 -8.355336e-07 -3.786971e-11)	(7.149931e-07 1.518919e-07 -2.788120e-09)
0.316616      	(4.339280e-06 -3.670453e-07 -2.933473e-09)	(3.649366e-06 -5.277236e-07 -3.304713e-11)	(6.899141e-07 1.606784e-07 -2.900426e-09)
0.320782      	(4.152181e-06 -1.435214e-07 -3.020508e-09)	(3.487954e-06 -3.107958e-07 -2.835619e-11)	(6.642267e-07 1.672744e-07 -2.992152e-09)
0.324948      	(3.915770e-06 1.184394e-07 -3.129565e-09)	(3.274353e-06 -5.807103e-08 -2.538766e-11)	(6.414167e-07 1.765104e-07 -3.104178e-09)
0.329114      	(3.919910e-06 2.549598e-07 -3.256301e-09)	(3.299834e-06 7.535445e-08 -2.122046e-11)	(6.200762e-07 1.796053e-07 -3.235080e-09)
0.33328       	(3.823651e-06 3.604418e-07 -3.398056e-09)	(3.227857e-06 1.825084e-07 -1.804315e-11)	(5.957934e-07 1.779334e-07 -3.380012e-09)
0.337446      	(3.670202e-06 5.475469e-07 -3.448735e-09)	(3.100158e-06 3.693548e-07 -7.992004e-12)	(5.700438e-07 1.781921e-07 -3.440743e-09)
0.341612      	(3.925714e-06 8.934615e-07 -3.475730e-09)	(3.384898e-06 7.170527e-07 -3.576433e-12)	(5.408162e-07 1.764089e-07 -3.472154e-09)
0.345778      	(4.122030e-06 8.785876e-07 -3.440468e-09)	(3.612742e-06 7.064650e-07 3.201710e-12)	(5.092882e-07 1.721226e-07 -3.443670e-09)
0.349944      	(3.673635e-06 1.063993e-06 -3.605016e-09)	(3.189855e-06 8.777851e-07 4.804386e-12)	(4.837803e-07 1.862080e-07 -3.609820e-09)
0.35411       	(3.238009e-06 1.123714e-06 -3.758066e-09)	(2.768133e-06 9.205713e-07 8.352244e-12)	(4.698764e-07 2.031428e-07 -3.766419e-09)
0.358276      	(3.786144e-06 1.527942e-06 -3.756518e-09)	(3.329368e-06 1.319151e-06 9.890010e-12)	(4.567758e-07 2.087904e-07 -3.766408e-09)
0.362442      	(3.920687e-06 1.654022e-06 -3.681603e-09)	(3.482204e-06 1.446697e-06 3.761880e-11)	(4.384831e-07 2.073256e-07 -3.719222e-09)
0.366608      	(3.542810e-06 1.931720e-06 -3.675885e-09)	(3.127776e-06 1.724584e-06 1.533772e-11)	(4.150339e-07 2.071365e-07 -3.691222e-09)
0.370774      	(3.201035e-06 2.161420e-06 -3.590142e-09)	(2.806331e-06 1.946536e-06 3.109862e-11)	(3.947042e-07 2.148841e-07 -3.621240e-09)
0.37494       	(3.671061e-06 2.200979e-06 -3.565796e-09)	(3.288100e-06 1.975599e-06 3.820923e-11)	(3.829612e-07 2.253795e-07 -3.604005e-09)
0.379106      	(3.916091e-06 2.443683e-06 -3.542994e-09)	(3.547363e-06 2.210009e-06 4.133884e-11)	(3.687280e-07 2.336742e-07 -3.584332e-09)
0.383272      	(4.056119e-06 2.387824e-06 -3.547705e-09)	(3.699043e-06 2.147047e-06 4.659104e-11)	(3.570762e-07 2.407769e-07 -3.594296e-09)
0.387438      	(4.034643e-06 2.520545e-06 -3.540374e-09)	(3.688472e-06 2.273480e-06 4.869443e-11)	(3.461711e-07 2.470653e-07 -3.589069e-09)
0.391604      	(3.963192e-06 2.844223e-06 -3.494372e-09)	(3.631424e-06 2.589675e-06 4.976956e-11)	(3.317677e-07 2.545483e-07 -3.544142e-09)
0.39577       	(4.037324e-06 3.123959e-06 -3.419583e-09)	(3.718458e-06 2.858395e-06 4.764017e-11)	(3.188660e-07 2.655649e-07 -3.467223e-09)
0.399936      	(4.210556e-06 3.163862e-06 -3.395700e-09)	(3.904492e-06 2.887051e-06 5.748912e-11)	(3.060638e-07 2.768107e-07 -3.453189e-09)
0.404102      	(4.277569e-06 3.614467e-06 -3.377753e-09)	(3.983769e-06 3.324448e-06 6.965838e-11)	(2.937994e-07 2.900187e-07 -3.447411e-09)
0.408268      	(4.263574e-06 3.712203e-06 -3.319919e-09)	(3.981006e-06 3.404278e-06 7.667896e-11)	(2.825684e-07 3.079246e-07 -3.396598e-09)
0.412434      	(4.719619e-06 2.949086e-06 -3.258459e-09)	(4.443403e-06 2.632487e-06 7.884323e-11)	(2.762167e-07 3.165993e-07 -3.337303e-09)
0.4166        	(4.724433e-06 3.482981e-06 -3.216409e-09)	(4.452874e-06 3.153012e-06 7.983810e-11)	(2.715592e-07 3.299695e-07 -3.296247e-09)
0.420766      	(4.598145e-06 3.550937e-06 -3.163620e-09)	(4.334469e-06 3.201829e-06 8.510245e-11)	(2.636764e-07 3.491088e-07 -3.248722e-09)
0.424932      	(5.005949e-06 3.781445e-06 -3.100613e-09)	(4.748989e-06 3.411415e-06 9.177705e-11)	(2.569604e-07 3.700308e-07 -3.192390e-09)
0.429098      	(5.159723e-06 3.724209e-06 -3.058598e-09)	(4.907110e-06 3.333349e-06 9.799183e-11)	(2.526135e-07 3.908594e-07 -3.156590e-09)
0.433264      	(5.326248e-06 3.749138e-06 -3.030850e-09)	(5.078179e-06 3.335934e-06 9.570810e-11)	(2.480693e-07 4.132040e-07 -3.126558e-09)
0.43743       	(5.569585e-06 3.878154e-06 -2.966013e-09)	(5.325791e-06 3.439725e-06 1.008616e-10)	(2.437936e-07 4.384287e-07 -3.066875e-09)
0.441596      	(5.864539e-06 3.794990e-06 -2.896924e-09)	(5.623777e-06 3.330243e-06 1.032359e-10)	(2.407629e-07 4.647470e-07 -3.000159e-09)
0.445762      	(6.173025e-06 3.876094e-06 -2.857548e-09)	(5.934343e-06 3.382368e-06 1.060838e-10)	(2.386826e-07 4.937256e-07 -2.963631e-09)
0.449928      	(6.138266e-06 3.878438e-06 -2.818825e-09)	(5.901808e-06 3.354390e-06 1.115066e-10)	(2.364579e-07 5.240482e-07 -2.930331e-09)
0.454094      	(6.285378e-06 3.895557e-06 -2.783546e-09)	(6.050709e-06 3.339333e-06 1.160627e-10)	(2.346687e-07 5.562242e-07 -2.899608e-09)
0.45826       	(6.726914e-06 3.799827e-06 -2.751255e-09)	(6.493200e-06 3.206864e-06 1.174188e-10)	(2.337137e-07 5.929625e-07 -2.868674e-09)
0.462426      	(6.605801e-06 3.871173e-06 -2.743623e-09)	(6.374113e-06 3.239725e-06 1.197342e-10)	(2.316878e-07 6.314481e-07 -2.863357e-09)
0.466592      	(6.812865e-06 3.862482e-06 -2.738274e-09)	(6.584374e-06 3.188996e-06 1.218224e-10)	(2.284917e-07 6.734858e-07 -2.860096e-09)
0.470758      	(7.086754e-06 3.904800e-06 -2.751330e-09)	(6.860516e-06 3.185043e-06 1.255660e-10)	(2.262375e-07 7.197578e-07 -2.876896e-09)
0.474924      	(7.220731e-06 3.813137e-06 -2.773758e-09)	(6.997551e-06 3.045014e-06 1.332656e-10)	(2.231799e-07 7.681229e-07 -2.907024e-09)
0.47909       	(7.611100e-06 3.761847e-06 -2.823961e-09)	(7.391526e-06 2.943222e-06 1.343031e-10)	(2.195743e-07 8.186245e-07 -2.958264e-09)
0.483256      	(7.753713e-06 3.755154e-06 -2.870875e-09)	(7.537831e-06 2.881884e-06 1.386599e-10)	(2.158821e-07 8.732709e-07 -3.009535e-09)
0.487422      	(7.851463e-06 3.656383e-06 -2.912636e-09)	(7.640162e-06 2.724626e-06 1.390523e-10)	(2.113017e-07 9.317572e-07 -3.051689e-09)
0.491588      	(8.054859e-06 3.652707e-06 -2.945135e-09)	(7.849843e-06 2.658886e-06 1.432237e-10)	(2.050161e-07 9.938212e-07 -3.088359e-09)
0.495754      	(8.202448e-06 3.683246e-06 -3.012266e-09)	(8.002952e-06 2.623552e-06 1.502230e-10)	(1.994952e-07 1.059694e-06 -3.162489e-09)
0.49992       	(8.034785e-06 3.614327e-06 -3.096047e-09)	(7.841907e-06 2.486675e-06 1.521732e-10)	(1.928776e-07 1.127652e-06 -3.248220e-09)
0.504086      	(8.207637e-06 3.789107e-06 -3.202873e-09)	(8.023042e-06 2.589408e-06 1.578768e-10)	(1.845950e-07 1.199698e-06 -3.360749e-09)
0.508252      	(8.314329e-06 3.597098e-06 -3.307930e-09)	(8.139156e-06 2.322054e-06 1.683032e-10)	(1.751726e-07 1.275044e-06 -3.476234e-09)
0.512418      	(8.342582e-06 3.586724e-06 -3.407769e-09)	(8.178992e-06 2.234062e-06 1.734582e-10)	(1.635895e-07 1.352662e-06 -3.581227e-09)
0.516584      	(8.308283e-06 3.499088e-06 -3.511843e-09)	(8.156096e-06 2.065925e-06 1.835800e-10)	(1.521871e-07 1.433163e-06 -3.695423e-09)
0.52075       	(8.391265e-06 3.514147e-06 -3.614082e-09)	(8.251568e-06 1.996682e-06 1.936624e-10)	(1.396971e-07 1.517465e-06 -3.807745e-09)
0.524916      	(8.506204e-06 3.488212e-06 -3.713009e-09)	(8.381541e-06 1.883038e-06 2.039254e-10)	(1.246627e-07 1.605174e-06 -3.916934e-09)
0.529082      	(8.410184e-06 3.420995e-06 -3.822673e-09)	(8.303711e-06 1.725045e-06 2.159442e-10)	(1.064734e-07 1.695949e-06 -4.038617e-09)
0.533248      	(8.211592e-06 3.447600e-06 -3.935458e-09)	(8.124742e-06 1.659061e-06 2.268220e-10)	(8.684971e-08 1.788539e-06 -4.162280e-09)
0.537414      	(8.231314e-06 3.503508e-06 -4.052337e-09)	(8.163677e-06 1.620122e-06 2.395064e-10)	(6.763633e-08 1.883386e-06 -4.291844e-09)
0.54158       	(8.061921e-06 3.516173e-06 -4.177440e-09)	(8.016006e-06 1.536549e-06 2.527893e-10)	(4.591535e-08 1.979623e-06 -4.430229e-09)
0.545746      	(7.986987e-06 3.515848e-06 -4.289898e-09)	(7.964724e-06 1.437303e-06 2.655649e-10)	(2.226304e-08 2.078545e-06 -4.555463e-09)
0.549912      	(7.872515e-06 3.536895e-06 -4.394312e-09)	(7.874286e-06 1.357806e-06 2.829040e-10)	(-1.771240e-09 2.179089e-06 -4.677216e-09)
0.554078      	(7.921506e-06 3.702968e-06 -4.502179e-09)	(7.947279e-06 1.421658e-06 2.963695e-10)	(-2.577243e-08 2.281311e-06 -4.798548e-09)
0.558244      	(7.546205e-06 3.609786e-06 -4.600603e-09)	(7.598928e-06 1.226332e-06 3.113953e-10)	(-5.272352e-08 2.383454e-06 -4.911998e-09)
0.56241       	(7.505861e-06 3.618675e-06 -4.689113e-09)	(7.584884e-06 1.133550e-06 3.266055e-10)	(-7.902344e-08 2.485125e-06 -5.015719e-09)
0.566576      	(7.338335e-06 3.690515e-06 -4.779535e-09)	(7.442491e-06 1.104101e-06 3.407913e-10)	(-1.041558e-07 2.586414e-06 -5.120327e-09)
0.570742      	(7.097214e-06 3.874814e-06 -4.870843e-09)	(7.226521e-06 1.187113e-06 3.549358e-10)	(-1.293072e-07 2.687701e-06 -5.225779e-09)
0.574908      	(6.978471e-06 2.702364e-06 -4.944488e-09)	(7.136397e-06 -7.581291e-08 3.622886e-10)	(-1.579259e-07 2.778177e-06 -5.306777e-09)
0.579074      	(7.230914e-06 2.895835e-06 -5.003659e-09)	(7.419022e-06 1.936950e-08 3.583874e-10)	(-1.881085e-07 2.876465e-06 -5.362047e-09)
0.58324       	(6.573005e-06 3.615727e-06 -5.034614e-09)	(6.798186e-06 6.269623e-07 3.693063e-10)	(-2.251804e-07 2.988765e-06 -5.403920e-09)
0.587406      	(6.473591e-06 3.551164e-06 -5.054681e-09)	(6.734959e-06 4.586061e-07 3.794352e-10)	(-2.613678e-07 3.092558e-06 -5.434116e-09)
0.591572      	(6.227819e-06 3.483155e-06 -5.057748e-09)	(6.520179e-06 2.925710e-07 3.877424e-10)	(-2.923597e-07 3.190584e-06 -5.445490e-09)
0.595738      	(6.450966e-06 3.519408e-06 -5.050121e-09)	(6.765255e-06 2.362808e-07 3.908460e-10)	(-3.142898e-07 3.283127e-06 -5.440967e-09)
0.599904      	(7.473671e-06 2.415663e-06 -5.047696e-09)	(7.796460e-06 -9.484211e-07 3.775122e-10)	(-3.227887e-07 3.364084e-06 -5.425208e-09)
0.60407       	(5.976926e-06 3.381244e-06 -5.015293e-09)	(6.332900e-06 -8.041074e-08 3.746776e-10)	(-3.559743e-07 3.461655e-06 -5.389970e-09)
0.608236      	(5.935837e-06 3.381812e-06 -4.961788e-09)	(6.330939e-06 -1.868322e-07 3.872176e-10)	(-3.951017e-07 3.568644e-06 -5.349005e-09)
0.612402      	(5.884487e-06 3.436997e-06 -4.914843e-09)	(6.313180e-06 -2.340044e-07 3.895448e-10)	(-4.286929e-07 3.671001e-06 -5.304388e-09)
0.616568      	(6.025072e-06 3.211720e-06 -4.850893e-09)	(6.482333e-06 -5.519543e-07 3.834874e-10)	(-4.572608e-07 3.763674e-06 -5.234380e-09)
0.620734      	(5.836275e-06 3.331596e-06 -4.752887e-09)	(6.319415e-06 -5.180092e-07 3.786648e-10)	(-4.831395e-07 3.849605e-06 -5.131552e-09)
0.6249        	(5.602321e-06 3.423771e-06 -4.641937e-09)	(6.108420e-06 -5.064939e-07 3.714229e-10)	(-5.060996e-07 3.930265e-06 -5.013360e-09)
0.629066      	(5.769410e-06 3.402266e-06 -4.539998e-09)	(6.294884e-06 -6.018888e-07 3.636586e-10)	(-5.254739e-07 4.004154e-06 -4.903656e-09)
0.633232      	(5.632689e-06 3.425920e-06 -4.432673e-09)	(6.173942e-06 -6.447565e-07 3.543879e-10)	(-5.412526e-07 4.070676e-06 -4.787061e-09)
0.637398      	(5.568723e-06 3.485081e-06 -4.301558e-09)	(6.122431e-06 -6.447341e-07 3.431379e-10)	(-5.537082e-07 4.129815e-06 -4.644696e-09)
0.641564      	(5.761817e-06 3.590958e-06 -4.159560e-09)	(6.324367e-06 -5.902747e-07 3.348762e-10)	(-5.625492e-07 4.181233e-06 -4.494436e-09)
0.64573       	(5.447349e-06 3.706514e-06 -4.042340e-09)	(6.018573e-06 -5.194804e-07 3.180292e-10)	(-5.712241e-07 4.225995e-06 -4.360370e-09)
0.649896      	(5.559357e-06 3.709240e-06 -3.929950e-09)	(6.135829e-06 -5.538654e-07 3.062811e-10)	(-5.764726e-07 4.263105e-06 -4.236231e-09)
0.654062      	(5.538674e-06 3.897899e-06 -3.820333e-09)	(6.118572e-06 -3.965515e-07 2.914380e-10)	(-5.798987e-07 4.294451e-06 -4.111771e-09)
0.658228      	(5.421784e-06 4.002185e-06 -3.725062e-09)	(6.004327e-06 -3.170913e-07 2.799883e-10)	(-5.825432e-07 4.319276e-06 -4.005050e-09)
0.662394      	(5.524002e-06 4.071952e-06 -3.649009e-09)	(6.109149e-06 -2.652753e-07 2.726805e-10)	(-5.851475e-07 4.337227e-06 -3.921689e-09)
0.66656       	(5.413590e-06 3.963974e-06 -3.617395e-09)	(6.001219e-06 -3.834909e-07 2.583505e-10)	(-5.876284e-07 4.347465e-06 -3.875746e-09)
0.670726      	(5.695848e-06 4.196724e-06 -3.606805e-09)	(6.285498e-06 -1.587657e-07 2.537221e-10)	(-5.896501e-07 4.355489e-06 -3.860527e-09)
0.674892      	(5.822207e-06 3.572963e-06 -3.628604e-09)	(6.413602e-06 -7.794805e-07 2.409694e-10)	(-5.913954e-07 4.352444e-06 -3.869574e-09)
0.679058      	(5.590185e-06 4.265313e-06 -3.651616e-09)	(6.188324e-06 -8.479670e-08 2.345112e-10)	(-5.981385e-07 4.350110e-06 -3.886127e-09)
0.683224      	(5.518259e-06 3.976350e-06 -3.741468e-09)	(6.126333e-06 -3.671933e-07 2.312033e-10)	(-6.080745e-07 4.343543e-06 -3.972672e-09)
0.68739       	(5.742635e-06 3.871200e-06 -3.892385e-09)	(6.358848e-06 -4.586733e-07 2.264926e-10)	(-6.162132e-07 4.329873e-06 -4.118878e-09)
0.691556      	(5.560456e-06 4.376080e-06 -4.057404e-09)	(6.187611e-06 5.740781e-08 2.246610e-10)	(-6.271548e-07 4.318672e-06 -4.282065e-09)
0.695722      	(5.692442e-06 4.014290e-06 -4.233834e-09)	(6.330620e-06 -2.868921e-07 2.223813e-10)	(-6.381778e-07 4.301182e-06 -4.456215e-09)
0.699888      	(6.100007e-06 3.577001e-06 -4.431239e-09)	(6.745961e-06 -6.967531e-07 2.201690e-10)	(-6.459537e-07 4.273754e-06 -4.651408e-09)
0.704054      	(5.116498e-06 4.772844e-06 -4.657007e-09)	(5.784195e-06 5.184213e-07 2.197633e-10)	(-6.676977e-07 4.254422e-06 -4.876770e-09)
0.70822       	(5.598582e-06 4.164864e-06 -4.870285e-09)	(6.287571e-06 -6.786584e-08 2.225304e-10)	(-6.889884e-07 4.232730e-06 -5.092816e-09)
0.712386      	(5.621669e-06 4.086837e-06 -5.119855e-09)	(6.327590e-06 -1.163993e-07 2.264356e-10)	(-7.059201e-07 4.203236e-06 -5.346291e-09)
0.716552      	(5.384195e-06 4.518653e-06 -5.377005e-09)	(6.110699e-06 3.443021e-07 2.275276e-10)	(-7.265037e-07 4.174351e-06 -5.604533e-09)
0.720718      	(5.509641e-06 4.100293e-06 -5.637406e-09)	(6.259192e-06 -4.470859e-08 2.280858e-10)	(-7.495509e-07 4.145002e-06 -5.865492e-09)
0.724884      	(5.288750e-06 4.196711e-06 -5.905152e-09)	(6.062369e-06 8.134726e-08 2.298650e-10)	(-7.736189e-07 4.115364e-06 -6.135017e-09)
0.72905       	(5.753013e-06 4.203556e-06 -6.193307e-09)	(6.549334e-06 1.194323e-07 2.318823e-10)	(-7.963212e-07 4.084124e-06 -6.425189e-09)
0.733216      	(5.196688e-06 3.987397e-06 -6.456252e-09)	(6.018147e-06 -6.338731e-08 2.327849e-10)	(-8.214589e-07 4.050784e-06 -6.689037e-09)
0.737382      	(5.943581e-06 3.781856e-06 -6.686114e-09)	(6.785169e-06 -2.332585e-07 2.343883e-10)	(-8.415885e-07 4.015115e-06 -6.920502e-09)
0.741548      	(5.133852e-06 4.168547e-06 -6.891541e-09)	(6.000854e-06 1.914514e-07 2.351951e-10)	(-8.670013e-07 3.977096e-06 -7.126736e-09)
0.745714      	(5.275791e-06 4.028907e-06 -7.082768e-09)	(6.174282e-06 8.644275e-08 2.365698e-10)	(-8.984918e-07 3.942465e-06 -7.319338e-09)
0.74988       	(5.331537e-06 4.005797e-06 -7.260644e-09)	(6.259817e-06 9.833088e-08 2.379642e-10)	(-9.282802e-07 3.907466e-06 -7.498608e-09)
0.754046      	(5.463677e-06 3.618472e-06 -7.448231e-09)	(6.419860e-06 -2.515523e-07 2.390989e-10)	(-9.561824e-07 3.870024e-06 -7.687330e-09)
0.758212      	(5.492592e-06 3.644188e-06 -7.657833e-09)	(6.476178e-06 -1.877040e-07 2.397957e-10)	(-9.835863e-07 3.831892e-06 -7.897628e-09)
0.762378      	(5.254075e-06 3.531188e-06 -7.849798e-09)	(6.267211e-06 -2.607541e-07 2.414729e-10)	(-1.013136e-06 3.791942e-06 -8.091271e-09)
0.766544      	(5.506485e-06 3.423755e-06 -8.022101e-09)	(6.547918e-06 -3.280946e-07 2.424915e-10)	(-1.041433e-06 3.751850e-06 -8.264593e-09)
0.77071       	(5.414841e-06 3.369969e-06 -8.188389e-09)	(6.485708e-06 -3.429655e-07 2.433563e-10)	(-1.070867e-06 3.712934e-06 -8.431746e-09)
0.774876      	(4.913346e-06 3.235147e-06 -8.342661e-09)	(6.017933e-06 -4.402262e-07 2.454433e-10)	(-1.104587e-06 3.675373e-06 -8.588105e-09)
0.779042      	(5.195793e-06 3.159102e-06 -8.483434e-09)	(6.333341e-06 -4.785163e-07 2.471158e-10)	(-1.137547e-06 3.637618e-06 -8.730549e-09)
0.783208      	(5.359021e-06 3.017767e-06 -8.628792e-09)	(6.525886e-06 -5.822753e-07 2.485489e-10)	(-1.166865e-06 3.600043e-06 -8.877341e-09)
0.787374      	(5.233629e-06 2.951488e-06 -8.754384e-09)	(6.431002e-06 -6.122752e-07 2.491905e-10)	(-1.197373e-06 3.563763e-06 -9.003574e-09)
0.79154       	(5.394764e-06 2.953818e-06 -8.861443e-09)	(6.624901e-06 -5.744887e-07 2.491503e-10)	(-1.230137e-06 3.528307e-06 -9.110593e-09)
0.795706      	(5.135330e-06 2.934853e-06 -8.963048e-09)	(6.399781e-06 -5.597388e-07 2.515843e-10)	(-1.264452e-06 3.494592e-06 -9.214632e-09)
0.799872      	(4.959629e-06 2.802817e-06 -9.076914e-09)	(6.258421e-06 -6.603358e-07 2.520381e-10)	(-1.298792e-06 3.463152e-06 -9.328952e-09)
0.804038      	(5.001921e-06 2.694833e-06 -9.183882e-09)	(6.334306e-06 -7.378701e-07 2.527217e-10)	(-1.332385e-06 3.432703e-06 -9.436604e-09)
0.808204      	(5.068383e-06 2.757931e-06 -9.266616e-09)	(6.432755e-06 -6.446381e-07 2.532694e-10)	(-1.364373e-06 3.402569e-06 -9.519885e-09)
0.81237       	(4.995521e-06 2.519916e-06 -9.312013e-09)	(6.392539e-06 -8.532415e-07 2.529340e-10)	(-1.397018e-06 3.373158e-06 -9.564947e-09)
0.816536      	(4.717545e-06 2.507106e-06 -9.340647e-09)	(6.147617e-06 -8.374907e-07 2.546461e-10)	(-1.430072e-06 3.344597e-06 -9.595293e-09)
0.820702      	(5.114393e-06 2.340974e-06 -9.338812e-09)	(6.575051e-06 -9.753734e-07 2.528605e-10)	(-1.460657e-06 3.316348e-06 -9.591673e-09)
0.824868      	(4.849516e-06 2.475596e-06 -9.342145e-09)	(6.340180e-06 -8.127924e-07 2.516753e-10)	(-1.490664e-06 3.288389e-06 -9.593821e-09)
0.829034      	(4.813832e-06 2.405962e-06 -9.390486e-09)	(6.334030e-06 -8.581870e-07 2.510226e-10)	(-1.520198e-06 3.264149e-06 -9.641509e-09)
0.8332        	(4.875629e-06 2.266400e-06 -9.454545e-09)	(6.425993e-06 -9.749305e-07 2.500861e-10)	(-1.550364e-06 3.241330e-06 -9.704632e-09)
0.837366      	(4.658101e-06 2.378982e-06 -9.467876e-09)	(6.238906e-06 -8.401001e-07 2.480462e-10)	(-1.580805e-06 3.219083e-06 -9.715922e-09)
0.841532      	(4.827864e-06 2.148677e-06 -9.458318e-09)	(6.435540e-06 -1.048032e-06 2.464527e-10)	(-1.607676e-06 3.196709e-06 -9.704771e-09)
0.845698      	(5.026409e-06 1.964767e-06 -9.455272e-09)	(6.659977e-06 -1.210508e-06 2.447932e-10)	(-1.633568e-06 3.175275e-06 -9.700065e-09)
0.849864      	(4.594326e-06 2.259235e-06 -9.415377e-09)	(6.255151e-06 -8.960682e-07 2.419013e-10)	(-1.660825e-06 3.155303e-06 -9.657279e-09)
0.85403       	(4.582495e-06 2.094809e-06 -9.348444e-09)	(6.268641e-06 -1.041131e-06 2.392594e-10)	(-1.686146e-06 3.135940e-06 -9.587703e-09)
0.858196      	(4.682602e-06 1.999175e-06 -9.295977e-09)	(6.392996e-06 -1.118544e-06 2.366462e-10)	(-1.710394e-06 3.117718e-06 -9.532624e-09)
0.862362      	(4.547788e-06 1.763747e-06 -9.249582e-09)	(6.280436e-06 -1.334673e-06 2.337933e-10)	(-1.732648e-06 3.098420e-06 -9.483376e-09)
0.866528      	(4.385265e-06 2.062730e-06 -9.213048e-09)	(6.138111e-06 -1.017626e-06 2.310800e-10)	(-1.752846e-06 3.080356e-06 -9.444128e-09)
0.870694      	(4.494802e-06 1.997342e-06 -9.153207e-09)	(6.267250e-06 -1.066060e-06 2.273420e-10)	(-1.772448e-06 3.063401e-06 -9.380549e-09)
0.87486       	(4.541412e-06 1.900062e-06 -9.095912e-09)	(6.330069e-06 -1.145541e-06 2.237680e-10)	(-1.788656e-06 3.045603e-06 -9.319680e-09)
0.879026      	(4.567483e-06 1.887495e-06 -9.064493e-09)	(6.373044e-06 -1.141724e-06 2.201046e-10)	(-1.805561e-06 3.029219e-06 -9.284597e-09)
0.883192      	(4.623657e-06 1.882633e-06 -8.996737e-09)	(6.445064e-06 -1.130897e-06 2.145298e-10)	(-1.821407e-06 3.013530e-06 -9.211267e-09)
0.887358      	(4.183497e-06 2.176884e-06 -8.898693e-09)	(6.019583e-06 -8.223218e-07 2.131002e-10)	(-1.836086e-06 2.999206e-06 -9.111793e-09)
0.891524      	(4.408037e-06 2.032659e-06 -8.797580e-09)	(6.256058e-06 -9.530202e-07 2.096942e-10)	(-1.848021e-06 2.985679e-06 -9.007274e-09)
0.89569       	(4.936920e-06 1.766874e-06 -8.695552e-09)	(6.795309e-06 -1.202169e-06 2.076011e-10)	(-1.858389e-06 2.969043e-06 -8.903153e-09)
0.899856      	(4.092373e-06 1.809001e-06 -8.599143e-09)	(5.960104e-06 -1.143592e-06 2.021098e-10)	(-1.867731e-06 2.952594e-06 -8.801252e-09)
0.904022      	(4.223613e-06 2.305761e-06 -8.534638e-09)	(6.105082e-06 -6.375442e-07 2.020116e-10)	(-1.881469e-06 2.943305e-06 -8.736649e-09)
0.908188      	(4.161098e-06 2.181103e-06 -8.484869e-09)	(6.054991e-06 -7.519117e-07 1.944746e-10)	(-1.893893e-06 2.933015e-06 -8.679344e-09)
0.912354      	(4.340251e-06 2.030144e-06 -8.427461e-09)	(6.243231e-06 -8.889593e-07 1.914546e-10)	(-1.902980e-06 2.919103e-06 -8.618916e-09)
0.91652       	(3.817177e-06 2.258921e-06 -8.335470e-09)	(5.729677e-06 -6.483644e-07 1.870731e-10)	(-1.912500e-06 2.907285e-06 -8.522544e-09)
0.920686      	(4.190334e-06 1.971617e-06 -8.253796e-09)	(6.107571e-06 -9.211276e-07 1.831891e-10)	(-1.917236e-06 2.892745e-06 -8.436985e-09)
0.924852      	(4.378876e-06 2.031400e-06 -8.203007e-09)	(6.298283e-06 -8.452490e-07 1.790131e-10)	(-1.919407e-06 2.876649e-06 -8.382020e-09)
0.929018      	(3.965531e-06 2.232062e-06 -8.142832e-09)	(5.886630e-06 -6.287868e-07 1.745028e-10)	(-1.921099e-06 2.860849e-06 -8.317335e-09)
0.933184      	(3.805889e-06 2.100596e-06 -8.057030e-09)	(5.729994e-06 -7.449326e-07 1.710575e-10)	(-1.924105e-06 2.845529e-06 -8.228088e-09)
0.93735       	(3.862040e-06 2.288055e-06 -7.972400e-09)	(5.787976e-06 -5.438198e-07 1.671208e-10)	(-1.925935e-06 2.831875e-06 -8.139520e-09)
0.941516      	(4.293379e-06 2.125637e-06 -7.880532e-09)	(6.217916e-06 -6.922235e-07 1.651434e-10)	(-1.924537e-06 2.817860e-06 -8.045676e-09)
0.945682      	(3.951239e-06 1.991347e-06 -7.793104e-09)	(5.874531e-06 -8.087129e-07 1.613608e-10)	(-1.923292e-06 2.800060e-06 -7.954465e-09)
0.949848      	(4.046220e-06 2.090403e-06 -7.719986e-09)	(5.968903e-06 -6.922449e-07 1.565926e-10)	(-1.922683e-06 2.782648e-06 -7.876579e-09)
0.954014      	(3.797684e-06 2.704933e-06 -7.663107e-09)	(5.721395e-06 -6.661822e-08 1.541829e-10)	(-1.923711e-06 2.771551e-06 -7.817290e-09)
0.95818       	(3.747926e-06 2.029287e-06 -7.607802e-09)	(5.670867e-06 -7.263332e-07 1.474241e-10)	(-1.922941e-06 2.755620e-06 -7.755226e-09)
0.962346      	(3.847379e-06 2.227177e-06 -7.521031e-09)	(5.765645e-06 -5.086902e-07 1.446891e-10)	(-1.918266e-06 2.735867e-06 -7.665720e-09)
0.966512      	(3.784839e-06 2.306940e-06 -7.426469e-09)	(5.697469e-06 -4.107115e-07 1.413214e-10)	(-1.912630e-06 2.717651e-06 -7.567790e-09)
0.970678      	(3.689284e-06 2.262961e-06 -7.325100e-09)	(5.596737e-06 -4.356597e-07 1.373271e-10)	(-1.907453e-06 2.698620e-06 -7.462427e-09)
0.974844      	(4.205261e-06 2.123657e-06 -7.252207e-09)	(6.106331e-06 -5.556507e-07 1.334588e-10)	(-1.901070e-06 2.679308e-06 -7.385666e-09)
0.97901       	(3.730442e-06 2.228061e-06 -7.189305e-09)	(5.624875e-06 -4.321127e-07 1.297957e-10)	(-1.894433e-06 2.660174e-06 -7.319100e-09)
0.983176      	(4.880655e-06 1.788964e-06 -7.125082e-09)	(6.764741e-06 -8.507716e-07 1.267081e-10)	(-1.884086e-06 2.639736e-06 -7.251790e-09)
0.987342      	(3.656715e-06 2.139663e-06 -7.049845e-09)	(5.531778e-06 -4.799340e-07 1.231297e-10)	(-1.875064e-06 2.619597e-06 -7.172975e-09)
0.991508      	(3.773450e-06 2.214642e-06 -6.984352e-09)	(5.641553e-06 -3.849340e-07 1.193364e-10)	(-1.868103e-06 2.599576e-06 -7.103688e-09)
0.995674      	(4.391585e-06 2.075428e-06 -6.916295e-09)	(6.250597e-06 -5.036854e-07 1.162883e-10)	(-1.859012e-06 2.579114e-06 -7.032584e-09)
0.99984       	(3.821214e-06 1.914837e-06 -6.859881e-09)	(5.671298e-06 -6.431990e-07 1.127850e-10)	(-1.850084e-06 2.558036e-06 -6.972666e-09)
1.00401       	(3.748018e-06 2.213246e-06 -6.806140e-09)	(5.588232e-06 -3.225558e-07 1.090450e-10)	(-1.840214e-06 2.535802e-06 -6.915185e-09)
1.00817       	(4.114648e-06 2.056470e-06 -6.721252e-09)	(5.943759e-06 -4.560930e-07 1.063753e-10)	(-1.829111e-06 2.512563e-06 -6.827627e-09)
1.01234       	(2.821078e-06 2.362844e-06 -6.630583e-09)	(4.641370e-06 -1.271686e-07 1.029486e-10)	(-1.820292e-06 2.490012e-06 -6.733532e-09)
1.0165        	(4.741837e-06 1.843831e-06 -6.567268e-09)	(6.549492e-06 -6.222712e-07 9.992797e-11)	(-1.807655e-06 2.466102e-06 -6.667196e-09)
1.02067       	(3.680735e-06 2.082285e-06 -6.503862e-09)	(5.476198e-06 -3.596961e-07 9.679923e-11)	(-1.795463e-06 2.441981e-06 -6.600662e-09)
1.02484       	(3.662371e-06 2.147201e-06 -6.428189e-09)	(5.446323e-06 -2.710875e-07 9.409261e-11)	(-1.783953e-06 2.418289e-06 -6.522281e-09)
1.029         	(4.174265e-06 1.928897e-06 -6.350014e-09)	(5.944332e-06 -4.647061e-07 9.083693e-11)	(-1.770068e-06 2.393603e-06 -6.440851e-09)
1.03317       	(3.679682e-06 2.097746e-06 -6.264152e-09)	(5.437414e-06 -2.718926e-07 8.759371e-11)	(-1.757732e-06 2.369639e-06 -6.351746e-09)
1.03733       	(4.196493e-06 1.940715e-06 -6.209907e-09)	(5.940547e-06 -4.039572e-07 8.436795e-11)	(-1.744054e-06 2.344672e-06 -6.294275e-09)
1.0415        	(3.865958e-06 2.173345e-06 -6.151599e-09)	(5.595544e-06 -1.456990e-07 8.183083e-11)	(-1.729586e-06 2.319044e-06 -6.233430e-09)
1.04567       	(4.016251e-06 1.973863e-06 -6.075489e-09)	(5.731751e-06 -3.191653e-07 7.834325e-11)	(-1.715500e-06 2.293029e-06 -6.153832e-09)
1.04983       	(4.009212e-06 2.058437e-06 -5.999882e-09)	(5.710403e-06 -2.077770e-07 7.672607e-11)	(-1.701191e-06 2.266214e-06 -6.076608e-09)
1.054         	(3.988410e-06 1.954246e-06 -5.933219e-09)	(5.674025e-06 -2.844087e-07 7.403425e-11)	(-1.685615e-06 2.238655e-06 -6.007253e-09)
1.05816       	(3.714209e-06 2.053585e-06 -5.855001e-09)	(5.384704e-06 -1.575406e-07 7.057439e-11)	(-1.670496e-06 2.211126e-06 -5.925576e-09)
1.06233       	(3.995331e-06 1.990629e-06 -5.775946e-09)	(5.651461e-06 -1.933106e-07 6.768781e-11)	(-1.656130e-06 2.183940e-06 -5.843634e-09)
1.0665        	(4.116336e-06 1.885636e-06 -5.698547e-09)	(5.757953e-06 -2.726235e-07 6.482063e-11)	(-1.641617e-06 2.158259e-06 -5.763368e-09)
1.07066       	(3.889958e-06 1.794278e-06 -5.649823e-09)	(5.517700e-06 -3.379866e-07 6.073248e-11)	(-1.627742e-06 2.132264e-06 -5.710555e-09)
1.07483       	(3.896699e-06 1.860257e-06 -5.537328e-09)	(5.509767e-06 -2.512894e-07 5.850312e-11)	(-1.613068e-06 2.111547e-06 -5.595831e-09)
1.07899       	(4.339082e-06 2.064729e-06 -5.390999e-09)	(5.935705e-06 -1.278713e-08 5.848085e-11)	(-1.596623e-06 2.077516e-06 -5.449480e-09)
1.08316       	(3.561113e-06 2.130297e-06 -5.281539e-09)	(5.145146e-06 9.039066e-08 5.530020e-11)	(-1.584033e-06 2.039906e-06 -5.336839e-09)
1.08733       	(3.880379e-06 1.899631e-06 -5.221752e-09)	(5.450893e-06 -1.077615e-07 5.142518e-11)	(-1.570513e-06 2.007393e-06 -5.273177e-09)
1.09149       	(4.749795e-06 1.578773e-06 -5.167309e-09)	(6.300420e-06 -3.984780e-07 4.873898e-11)	(-1.550625e-06 1.977251e-06 -5.216048e-09)
1.09566       	(2.339991e-06 2.505949e-06 -5.094056e-09)	(3.874290e-06 5.574069e-07 4.600355e-11)	(-1.534299e-06 1.948542e-06 -5.140060e-09)
1.09982       	(3.983326e-06 1.838968e-06 -5.016300e-09)	(5.500316e-06 -8.067580e-08 4.284468e-11)	(-1.516990e-06 1.919644e-06 -5.059145e-09)
1.10399       	(4.393744e-06 1.718645e-06 -4.946082e-09)	(5.890705e-06 -1.713933e-07 4.003259e-11)	(-1.496961e-06 1.890038e-06 -4.986114e-09)
1.10816       	(3.864864e-06 1.861168e-06 -4.869535e-09)	(5.342004e-06 3.479659e-09 3.693663e-11)	(-1.477140e-06 1.857688e-06 -4.906472e-09)
1.11232       	(3.590218e-06 1.940959e-06 -4.791815e-09)	(5.049348e-06 1.159429e-07 3.385533e-11)	(-1.459130e-06 1.825016e-06 -4.825670e-09)
1.11649       	(3.980629e-06 1.803417e-06 -4.717256e-09)	(5.421450e-06 1.117998e-08 2.863048e-11)	(-1.440821e-06 1.792237e-06 -4.745887e-09)
1.12065       	(4.036552e-06 1.787844e-06 -4.620726e-09)	(5.457983e-06 2.758172e-08 2.260856e-11)	(-1.421431e-06 1.760262e-06 -4.643335e-09)
1.12482       	(3.025187e-06 2.026965e-06 -4.522781e-09)	(4.428068e-06 2.976500e-07 1.067052e-11)	(-1.402881e-06 1.729315e-06 -4.533452e-09)
1.12899       	(2.896917e-06 1.863873e-06 -4.473030e-09)	(4.287641e-06 1.672116e-07 -1.117326e-11)	(-1.390724e-06 1.696661e-06 -4.461856e-09)
1.13315       	(4.076557e-06 1.716380e-06 -4.404474e-09)	(5.445741e-06 5.326107e-08 1.643040e-11)	(-1.369185e-06 1.663119e-06 -4.420904e-09)
1.13732       	(3.143354e-06 1.878662e-06 -4.353447e-09)	(4.496177e-06 2.507246e-07 6.898978e-11)	(-1.352823e-06 1.627937e-06 -4.422436e-09)
1.14148       	(4.187051e-06 1.471777e-06 -4.326439e-09)	(5.519997e-06 -1.179520e-07 1.104419e-11)	(-1.332947e-06 1.589729e-06 -4.337483e-09)
1.14565       	(3.241474e-06 1.939857e-06 -4.129112e-09)	(4.554061e-06 3.828056e-07 2.440945e-11)	(-1.312587e-06 1.557051e-06 -4.153521e-09)
1.14982       	(3.542599e-06 1.795870e-06 -3.951448e-09)	(4.832488e-06 2.670713e-07 3.415771e-11)	(-1.289889e-06 1.528799e-06 -3.985606e-09)
1.15398       	(4.219814e-06 1.719947e-06 -3.877335e-09)	(5.484223e-06 2.249971e-07 2.298163e-11)	(-1.264409e-06 1.494950e-06 -3.900317e-09)
1.15815       	(2.881694e-06 1.841338e-06 -3.830587e-09)	(4.122458e-06 3.806487e-07 1.507644e-11)	(-1.240765e-06 1.460689e-06 -3.845663e-09)
1.16231       	(3.608693e-06 1.645365e-06 -3.759382e-09)	(4.826640e-06 2.210902e-07 1.091981e-11)	(-1.217947e-06 1.424275e-06 -3.770301e-09)
1.16648       	(3.309782e-06 1.872524e-06 -3.677873e-09)	(4.507984e-06 4.841350e-07 7.911509e-12)	(-1.198202e-06 1.388389e-06 -3.685785e-09)
1.17065       	(4.494077e-06 1.287918e-06 -3.599389e-09)	(5.668792e-06 -6.419419e-08 1.315164e-11)	(-1.174714e-06 1.352112e-06 -3.612541e-09)
1.17481       	(3.175269e-06 1.815746e-06 -3.526200e-09)	(4.330452e-06 4.978947e-07 7.482962e-12)	(-1.155183e-06 1.317851e-06 -3.533683e-09)
1.17898       	(3.666083e-06 1.509014e-06 -3.464689e-09)	(4.799633e-06 2.278979e-07 5.174378e-12)	(-1.133550e-06 1.281116e-06 -3.469863e-09)
1.18314       	(3.300091e-06 1.704520e-06 -3.380358e-09)	(4.414345e-06 4.577131e-07 2.078332e-12)	(-1.114254e-06 1.246806e-06 -3.382436e-09)
1.18731       	(3.655221e-06 1.509717e-06 -3.303146e-09)	(4.751418e-06 2.969892e-07 2.395076e-12)	(-1.096196e-06 1.212728e-06 -3.305541e-09)
1.19148       	(3.518630e-06 1.530100e-06 -3.211568e-09)	(4.596655e-06 3.514328e-07 -2.250604e-12)	(-1.078025e-06 1.178668e-06 -3.209317e-09)
1.19564       	(3.096037e-06 1.732665e-06 -3.099687e-09)	(4.154833e-06 5.887807e-07 -4.503410e-12)	(-1.058796e-06 1.143884e-06 -3.095183e-09)
1.19981       	(3.255668e-06 1.627201e-06 -2.982287e-09)	(4.295675e-06 5.188772e-07 -6.285998e-12)	(-1.040007e-06 1.108324e-06 -2.976001e-09)
1.20397       	(3.176133e-06 1.814474e-06 -2.872377e-09)	(4.194927e-06 7.427814e-07 -2.085854e-12)	(-1.018794e-06 1.071693e-06 -2.870291e-09)
1.20814       	(3.097749e-06 1.682239e-06 -2.822409e-09)	(4.095601e-06 6.447018e-07 -6.372401e-12)	(-9.978516e-07 1.037537e-06 -2.816036e-09)
1.21231       	(3.138532e-06 1.504777e-06 -2.768110e-09)	(4.113473e-06 5.045102e-07 -1.913771e-11)	(-9.749410e-07 1.000267e-06 -2.748972e-09)
1.21647       	(3.153102e-06 1.647001e-06 -2.676832e-09)	(4.106288e-06 6.842652e-07 -1.909654e-11)	(-9.531852e-07 9.627362e-07 -2.657735e-09)
1.22064       	(2.964563e-06 1.624679e-06 -2.589156e-09)	(3.892980e-06 7.002654e-07 -1.704851e-11)	(-9.284168e-07 9.244138e-07 -2.572107e-09)
1.2248        	(3.078342e-06 1.524491e-06 -2.499035e-09)	(3.981130e-06 6.388866e-07 -1.863655e-11)	(-9.027876e-07 8.856046e-07 -2.480399e-09)
1.22897       	(3.136297e-06 1.549720e-06 -2.412969e-09)	(4.016570e-06 7.016743e-07 -1.991538e-11)	(-8.802737e-07 8.480456e-07 -2.393054e-09)
1.23314       	(3.798916e-06 1.364881e-06 -2.301948e-09)	(4.657949e-06 5.534040e-07 -2.434053e-11)	(-8.590328e-07 8.114772e-07 -2.277608e-09)
1.2373        	(3.410512e-06 1.332401e-06 -2.200436e-09)	(4.250706e-06 5.566583e-07 -2.351618e-11)	(-8.401949e-07 7.757424e-07 -2.176920e-09)
1.24147       	(2.322433e-06 1.722607e-06 -2.123347e-09)	(3.147872e-06 9.801096e-07 -2.571087e-11)	(-8.254394e-07 7.424970e-07 -2.097636e-09)
1.24563       	(3.591604e-06 9.969551e-07 -2.052912e-09)	(4.401438e-06 2.883911e-07 -2.603530e-11)	(-8.098341e-07 7.085641e-07 -2.026876e-09)
1.2498        	(2.610013e-06 1.494741e-06 -1.970060e-09)	(3.400740e-06 8.207414e-07 -2.864485e-11)	(-7.907269e-07 6.739998e-07 -1.941415e-09)
1.25397       	(2.809413e-06 1.469791e-06 -1.878192e-09)	(3.581739e-06 8.277566e-07 -3.194666e-11)	(-7.723267e-07 6.420344e-07 -1.846246e-09)
1.25813       	(2.691385e-06 1.412347e-06 -1.786009e-09)	(3.445269e-06 8.015378e-07 -3.081394e-11)	(-7.538840e-07 6.108090e-07 -1.755195e-09)
1.2623        	(2.884011e-06 1.372545e-06 -1.722849e-09)	(3.620447e-06 7.920329e-07 -3.268707e-11)	(-7.364365e-07 5.805119e-07 -1.690162e-09)
1.26646       	(2.380611e-06 1.362365e-06 -1.640799e-09)	(3.100215e-06 8.127435e-07 -3.414928e-11)	(-7.196038e-07 5.496210e-07 -1.606650e-09)
1.27063       	(3.816966e-06 1.113913e-06 -1.550752e-09)	(4.516616e-06 5.947467e-07 -3.590415e-11)	(-6.996499e-07 5.191667e-07 -1.514848e-09)
1.2748        	(2.350613e-06 1.486377e-06 -1.452744e-09)	(3.033929e-06 9.963248e-07 -3.770415e-11)	(-6.833168e-07 4.900519e-07 -1.415040e-09)
1.27896       	(2.389047e-06 1.378570e-06 -1.342070e-09)	(3.057462e-06 9.167564e-07 -3.930553e-11)	(-6.684152e-07 4.618138e-07 -1.302765e-09)
1.28313       	(2.489648e-06 1.302061e-06 -1.233993e-09)	(3.141748e-06 8.689872e-07 -4.017501e-11)	(-6.521002e-07 4.330736e-07 -1.193818e-09)
1.28729       	(2.871222e-06 1.349247e-06 -1.129763e-09)	(3.509337e-06 9.433798e-07 -4.534290e-11)	(-6.381156e-07 4.058677e-07 -1.084420e-09)
1.29146       	(3.105214e-06 9.712727e-07 -1.029357e-09)	(3.727832e-06 5.922425e-07 -4.388515e-11)	(-6.226178e-07 3.790302e-07 -9.854722e-10)
1.29563       	(2.725179e-06 1.384102e-06 -9.658099e-10)	(3.332684e-06 1.030346e-06 -4.723796e-11)	(-6.075058e-07 3.537568e-07 -9.185720e-10)
1.29979       	(2.123141e-06 1.253028e-06 -8.875171e-10)	(2.717342e-06 9.257318e-07 -3.851491e-11)	(-5.942001e-07 3.272963e-07 -8.490022e-10)
1.303958      	(2.435359e-06 1.356281e-06 -8.070454e-10)	(3.018017e-06 1.052593e-06 -3.657334e-11)	(-5.826582e-07 3.036883e-07 -7.704721e-10)
1.308124      	(2.182522e-06 1.135500e-06 -6.951554e-10)	(2.752946e-06 8.567031e-07 -3.937149e-11)	(-5.704239e-07 2.787973e-07 -6.557839e-10)
1.31229       	(3.361103e-06 8.822400e-07 -5.942276e-10)	(3.914903e-06 6.294322e-07 -4.333777e-11)	(-5.538003e-07 2.528078e-07 -5.508899e-10)
1.316456      	(2.101180e-06 1.113567e-06 -5.099246e-10)	(2.639472e-06 8.850338e-07 -4.462408e-11)	(-5.382916e-07 2.285331e-07 -4.653005e-10)
1.320622      	(2.017469e-06 1.137712e-06 -4.286648e-10)	(2.542904e-06 9.318562e-07 -4.543127e-11)	(-5.254350e-07 2.058559e-07 -3.832335e-10)
1.324788      	(2.090162e-06 1.039518e-06 -3.625850e-10)	(2.602442e-06 8.562329e-07 -4.620015e-11)	(-5.122798e-07 1.832846e-07 -3.163848e-10)
1.328954      	(2.002003e-06 1.135847e-06 -2.944479e-10)	(2.502626e-06 9.739782e-07 -4.681427e-11)	(-5.006235e-07 1.618688e-07 -2.476337e-10)
1.33312       	(2.097172e-06 8.776068e-07 -2.131322e-10)	(2.584929e-06 7.374508e-07 -4.783993e-11)	(-4.877572e-07 1.401560e-07 -1.652923e-10)
1.337286      	(2.250231e-06 1.140329e-06 -1.425993e-10)	(2.724221e-06 1.020697e-06 -4.852242e-11)	(-4.739893e-07 1.196322e-07 -9.407685e-11)
1.341452      	(2.100459e-06 8.611136e-07 -6.365587e-11)	(2.562005e-06 7.615578e-07 -4.963473e-11)	(-4.615461e-07 9.955584e-08 -1.402115e-11)
1.345618      	(1.996367e-06 1.051916e-06 2.575190e-11)	(2.444460e-06 9.721261e-07 -4.996330e-11)	(-4.480922e-07 7.978972e-08 7.571520e-11)
1.349784      	(1.859892e-06 8.902387e-07 1.123597e-10)	(2.294519e-06 8.298996e-07 -5.084967e-11)	(-4.346265e-07 6.033908e-08 1.632093e-10)
1.35395       	(2.239608e-06 9.137057e-07 1.945548e-10)	(2.661428e-06 8.719211e-07 -5.123317e-11)	(-4.218193e-07 4.178463e-08 2.457880e-10)
1.358116      	(2.066710e-06 8.139034e-07 2.811277e-10)	(2.475737e-06 7.905182e-07 -5.169810e-11)	(-4.090266e-07 2.338519e-08 3.328258e-10)
1.362282      	(1.718026e-06 7.298489e-07 3.722068e-10)	(2.114249e-06 7.257062e-07 -5.167257e-11)	(-3.962236e-07 4.142711e-09 4.238794e-10)
1.366448      	(1.505003e-06 1.184214e-06 4.575415e-10)	(1.889988e-06 1.197289e-06 -5.260913e-11)	(-3.849842e-07 -1.307481e-08 5.101506e-10)
1.370614      	(2.027741e-06 6.023877e-07 5.309825e-10)	(2.401659e-06 6.316773e-07 -5.367601e-11)	(-3.739175e-07 -2.928963e-08 5.846585e-10)
1.37478       	(2.033938e-06 8.422431e-07 6.003904e-10)	(2.396384e-06 8.872339e-07 -5.426830e-11)	(-3.624466e-07 -4.499081e-08 6.546587e-10)
1.378946      	(1.286754e-06 9.701334e-07 6.736081e-10)	(1.639381e-06 1.029377e-06 -5.520343e-11)	(-3.526264e-07 -5.924356e-08 7.288115e-10)
1.383112      	(1.878366e-06 8.845510e-07 7.469332e-10)	(2.219854e-06 9.579330e-07 -5.621128e-11)	(-3.414876e-07 -7.338196e-08 8.031444e-10)
1.387278      	(1.139206e-06 9.655710e-07 8.236481e-10)	(1.470941e-06 1.053519e-06 -5.761583e-11)	(-3.317343e-07 -8.794797e-08 8.812640e-10)
1.391444      	(1.411374e-06 9.669625e-07 8.977309e-10)	(1.731094e-06 1.070208e-06 -5.959594e-11)	(-3.197192e-07 -1.032453e-07 9.573268e-10)
1.39561       	(1.579218e-06 7.006937e-07 9.686543e-10)	(1.887210e-06 8.198594e-07 -6.237292e-11)	(-3.079925e-07 -1.191657e-07 1.031027e-09)
1.399776      	(1.440489e-06 1.153043e-06 1.033368e-09)	(1.737195e-06 1.286849e-06 -6.717300e-11)	(-2.967059e-07 -1.338058e-07 1.100541e-09)
1.403942      	(2.634528e-06 -1.083358e-07 1.098685e-09)	(2.909145e-06 5.065499e-08 -7.933009e-11)	(-2.746175e-07 -1.589908e-07 1.178015e-09)
1.408108      	(2.600981e-06 8.350452e-08 1.286039e-09)	(2.844943e-06 2.723531e-07 -6.039100e-13)	(-2.439620e-07 -1.888485e-07 1.286643e-09)
1.412274      	(1.623521e-06 4.806495e-07 1.302224e-09)	(1.853498e-06 6.846557e-07 -4.390418e-11)	(-2.299767e-07 -2.040062e-07 1.346128e-09)
1.41644       	(2.387537e-06 2.177970e-07 1.371116e-09)	(2.604464e-06 4.364220e-07 -3.642929e-11)	(-2.169263e-07 -2.186250e-07 1.407545e-09)
1.420606      	(2.830377e-06 -5.794238e-07 1.559267e-09)	(3.027683e-06 -3.446334e-07 4.881451e-11)	(-1.973059e-07 -2.347904e-07 1.510452e-09)
1.424772      	(1.288553e-06 1.094259e-06 1.531823e-09)	(1.486435e-06 1.328523e-06 -4.254558e-11)	(-1.978822e-07 -2.342641e-07 1.574369e-09)
1.428938      	(1.130678e-06 5.057022e-07 1.580886e-09)	(1.336343e-06 7.353718e-07 -4.013193e-11)	(-2.056649e-07 -2.296696e-07 1.621018e-09)
1.433104      	(6.244081e-07 1.256780e-06 1.646422e-09)	(8.334251e-07 1.485117e-06 -3.754918e-11)	(-2.090170e-07 -2.283377e-07 1.683971e-09)
1.43727       	(1.136745e-06 4.388275e-07 1.678386e-09)	(1.344956e-06 6.676477e-07 -4.691897e-11)	(-2.082116e-07 -2.288202e-07 1.725305e-09)
1.441436      	(1.882876e-06 1.275800e-07 1.807697e-09)	(2.071912e-06 3.710329e-07 -1.447722e-11)	(-1.890363e-07 -2.434528e-07 1.822174e-09)
1.445602      	(1.620241e-06 2.289580e-07 1.852590e-09)	(1.792786e-06 4.837122e-07 -3.751648e-11)	(-1.725457e-07 -2.547542e-07 1.890106e-09)
1.449768      	(1.493488e-06 4.811704e-07 1.898879e-09)	(1.658091e-06 7.400357e-07 -3.801072e-11)	(-1.646032e-07 -2.588654e-07 1.936890e-09)
1.453934      	(8.634802e-07 4.737812e-07 1.965768e-09)	(1.020665e-06 7.367948e-07 -3.648026e-11)	(-1.571848e-07 -2.630136e-07 2.002248e-09)
1.4581        	(1.324046e-06 3.012081e-07 2.043744e-09)	(1.471411e-06 5.689612e-07 -4.038912e-11)	(-1.473649e-07 -2.677531e-07 2.084133e-09)
1.462266      	(1.136202e-06 4.278548e-07 2.111785e-09)	(1.275699e-06 6.997172e-07 -2.931429e-11)	(-1.394968e-07 -2.718623e-07 2.141100e-09)
1.466432      	(1.632487e-06 2.088052e-07 2.166662e-09)	(1.768832e-06 4.856186e-07 -3.172288e-11)	(-1.363443e-07 -2.768134e-07 2.198385e-09)
1.470598      	(1.437940e-06 2.339995e-07 2.239734e-09)	(1.571616e-06 5.157095e-07 -3.015949e-11)	(-1.336763e-07 -2.817100e-07 2.269893e-09)
1.474764      	(1.349877e-06 2.310620e-07 2.310135e-09)	(1.479517e-06 5.169805e-07 -2.982224e-11)	(-1.296399e-07 -2.859185e-07 2.339957e-09)
1.47893       	(1.244164e-06 3.272560e-07 2.369107e-09)	(1.368666e-06 6.171019e-07 -1.904750e-11)	(-1.245020e-07 -2.898459e-07 2.388154e-09)
1.483096      	(1.320631e-06 8.527336e-08 2.412128e-09)	(1.438244e-06 3.769618e-07 -2.233624e-11)	(-1.176133e-07 -2.916884e-07 2.434465e-09)
1.487262      	(1.488232e-06 -1.291940e-07 2.426619e-09)	(1.598463e-06 1.582590e-07 -1.746099e-11)	(-1.102313e-07 -2.874530e-07 2.444080e-09)
1.491428      	(9.689545e-07 8.553038e-08 2.511182e-09)	(1.064614e-06 3.751999e-07 -1.828815e-11)	(-9.565957e-08 -2.896695e-07 2.529470e-09)
1.495594      	(1.134356e-06 3.640573e-07 2.709526e-09)	(1.227213e-06 6.767923e-07 -1.842515e-11)	(-9.285695e-08 -3.127350e-07 2.727951e-09)
1.49976       	(1.177031e-06 -7.930936e-08 2.780671e-09)	(1.266990e-06 2.531732e-07 -1.260934e-11)	(-8.995917e-08 -3.324825e-07 2.793280e-09)
1.503926      	(1.117536e-06 2.361593e-08 2.740221e-09)	(1.205349e-06 3.522002e-07 -1.661286e-11)	(-8.781343e-08 -3.285843e-07 2.756834e-09)
1.508092      	(1.191810e-06 -2.896493e-07 2.761980e-09)	(1.276953e-06 3.684478e-08 1.458512e-11)	(-8.514315e-08 -3.264940e-07 2.747395e-09)
1.512258      	(6.718942e-07 1.713585e-07 2.885697e-09)	(7.487031e-07 5.086907e-07 -1.135790e-11)	(-7.680892e-08 -3.373322e-07 2.897055e-09)
1.516424      	(7.437420e-07 -8.783043e-08 2.935183e-09)	(8.167122e-07 2.601493e-07 -4.900475e-12)	(-7.297017e-08 -3.479797e-07 2.940084e-09)
1.52059       	(3.363215e-07 1.885378e-08 2.957451e-09)	(4.089235e-07 3.722647e-07 3.801797e-12)	(-7.260198e-08 -3.534110e-07 2.953649e-09)
1.524756      	(1.334862e-06 -3.656389e-07 2.946144e-09)	(1.404263e-06 -7.107092e-09 6.166509e-12)	(-6.940109e-08 -3.585319e-07 2.939978e-09)
1.528922      	(4.430867e-07 -6.998366e-08 3.070731e-09)	(5.099038e-07 2.935226e-07 1.035575e-11)	(-6.681704e-08 -3.635063e-07 3.060375e-09)
1.533088      	(4.942032e-07 -3.106976e-07 3.172105e-09)	(5.581035e-07 5.881640e-08 1.312170e-11)	(-6.390033e-08 -3.695140e-07 3.158983e-09)
1.537254      	(5.193395e-07 -3.146434e-07 3.206322e-09)	(5.778434e-07 6.181020e-08 1.928522e-11)	(-5.850383e-08 -3.764536e-07 3.187036e-09)
1.54142       	(8.630594e-07 -3.924276e-07 3.214171e-09)	(9.178537e-07 -1.147250e-08 1.459242e-11)	(-5.479428e-08 -3.809551e-07 3.199579e-09)
1.545586      	(1.837667e-07 -3.204331e-07 3.316124e-09)	(2.360317e-07 6.483616e-08 2.356263e-11)	(-5.226506e-08 -3.852693e-07 3.292561e-09)
1.549752      	(4.901805e-07 -3.470608e-07 3.401342e-09)	(5.385998e-07 4.320487e-08 2.443657e-11)	(-4.841926e-08 -3.902657e-07 3.376905e-09)
1.553918      	(-2.730706e-07 -2.495930e-07 3.431316e-09)	(-2.267951e-07 1.455325e-07 2.841228e-11)	(-4.627546e-08 -3.951255e-07 3.402904e-09)
1.558084      	(4.038133e-07 -5.057486e-07 3.507425e-09)	(4.474360e-07 -1.057571e-07 3.145872e-11)	(-4.362270e-08 -3.999915e-07 3.475966e-09)
1.56225       	(1.919890e-08 -5.019026e-07 3.576546e-09)	(5.836797e-08 -9.632826e-08 3.472153e-11)	(-3.916908e-08 -4.055743e-07 3.541825e-09)
1.566416      	(-9.977968e-08 -4.598207e-07 3.615304e-09)	(-6.438988e-08 -4.854268e-08 3.848569e-11)	(-3.538981e-08 -4.112780e-07 3.576819e-09)
1.570582      	(-2.774740e-07 -4.637418e-07 3.652308e-09)	(-2.443526e-07 -4.718375e-08 4.166004e-11)	(-3.312138e-08 -4.165581e-07 3.610648e-09)
1.574748      	(-1.328020e-08 -5.860967e-07 3.722159e-09)	(1.795471e-08 -1.644952e-07 4.400161e-11)	(-3.123491e-08 -4.216015e-07 3.678158e-09)
1.578914      	(-4.188214e-07 -6.173387e-07 3.794413e-09)	(-3.890951e-07 -1.901592e-07 4.697423e-11)	(-2.972634e-08 -4.271796e-07 3.747438e-09)
1.58308       	(-7.493319e-07 -6.904164e-07 3.846718e-09)	(-7.199731e-07 -2.570107e-07 5.074065e-11)	(-2.935877e-08 -4.334057e-07 3.795977e-09)
1.587246      	(-4.823352e-07 -7.430491e-07 3.915618e-09)	(-4.544681e-07 -3.029565e-07 5.419402e-11)	(-2.786710e-08 -4.400926e-07 3.861424e-09)
1.591412      	(-5.221048e-07 -7.509602e-07 3.969011e-09)	(-4.965737e-07 -3.035918e-07 5.761801e-11)	(-2.553112e-08 -4.473684e-07 3.911393e-09)
1.595578      	(-7.307834e-07 -7.522130e-07 4.015641e-09)	(-7.067343e-07 -2.974910e-07 6.054985e-11)	(-2.404908e-08 -4.547220e-07 3.955091e-09)
1.599744      	(-1.320408e-06 -7.875009e-07 4.074682e-09)	(-1.296283e-06 -3.248142e-07 6.416309e-11)	(-2.412475e-08 -4.626868e-07 4.010519e-09)
1.60391       	(-9.123615e-07 -8.762157e-07 4.142968e-09)	(-8.888838e-07 -4.047925e-07 6.699296e-11)	(-2.347770e-08 -4.714232e-07 4.075976e-09)
1.608076      	(-1.336816e-06 -9.230453e-07 4.219629e-09)	(-1.313332e-06 -4.419797e-07 6.995873e-11)	(-2.348357e-08 -4.810656e-07 4.149671e-09)
1.612242      	(-2.254149e-06 -7.024788e-07 4.316117e-09)	(-2.228163e-06 -2.124005e-07 7.216224e-11)	(-2.598627e-08 -4.900783e-07 4.243955e-09)
1.616408      	(-2.084751e-06 -7.490632e-07 4.435665e-09)	(-2.057607e-06 -2.486654e-07 7.460648e-11)	(-2.714407e-08 -5.003978e-07 4.361058e-09)
1.620574      	(-1.918503e-06 -8.821953e-07 4.549864e-09)	(-1.890775e-06 -3.703791e-07 7.660682e-11)	(-2.772795e-08 -5.118163e-07 4.473257e-09)
1.62474       	(-2.090980e-06 -9.144833e-07 4.674952e-09)	(-2.062692e-06 -3.905161e-07 7.991875e-11)	(-2.828850e-08 -5.239672e-07 4.595033e-09)
1.628906      	(-2.091059e-06 -1.276704e-06 4.814240e-09)	(-2.064069e-06 -7.387969e-07 8.141218e-11)	(-2.699043e-08 -5.379072e-07 4.732828e-09)
1.633072      	(-2.492873e-06 -1.173920e-06 4.952560e-09)	(-2.465290e-06 -6.210378e-07 8.293658e-11)	(-2.758253e-08 -5.528819e-07 4.869623e-09)
1.637238      	(-2.937955e-06 -1.174991e-06 5.090737e-09)	(-2.907412e-06 -6.073739e-07 8.496085e-11)	(-3.054218e-08 -5.676171e-07 5.005776e-09)
1.641404      	(-3.202301e-06 -1.234579e-06 5.234279e-09)	(-3.167736e-06 -6.509993e-07 8.548272e-11)	(-3.456557e-08 -5.835794e-07 5.148796e-09)
1.64557       	(-3.555975e-06 -1.109041e-06 5.387954e-09)	(-3.516771e-06 -5.101074e-07 9.225396e-11)	(-3.920466e-08 -5.989334e-07 5.295701e-09)
1.649736      	(-3.533618e-06 -1.469035e-06 5.570417e-09)	(-3.492935e-06 -8.491509e-07 1.071589e-10)	(-4.068319e-08 -6.198838e-07 5.463258e-09)
1.653902      	(-4.106373e-06 -1.339398e-06 5.729549e-09)	(-4.063655e-06 -6.970383e-07 1.028278e-10)	(-4.271830e-08 -6.423597e-07 5.626722e-09)
1.658068      	(-4.495069e-06 -1.367584e-06 5.873342e-09)	(-4.447086e-06 -7.037788e-07 9.808795e-11)	(-4.798329e-08 -6.638051e-07 5.775254e-09)
1.662234      	(-4.721207e-06 -1.542302e-06 6.015462e-09)	(-4.666210e-06 -8.558126e-07 9.973966e-11)	(-5.499741e-08 -6.864897e-07 5.915722e-09)
1.6664        	(-5.213112e-06 -1.461796e-06 6.159618e-09)	(-5.149925e-06 -7.517688e-07 9.822561e-11)	(-6.318762e-08 -7.100272e-07 6.061393e-09)
1.670566      	(-4.920124e-06 -1.807642e-06 6.315629e-09)	(-4.850327e-06 -1.071857e-06 9.453354e-11)	(-6.979732e-08 -7.357847e-07 6.221095e-09)
1.674732      	(-5.614495e-06 -1.566108e-06 6.497347e-09)	(-5.534373e-06 -8.060072e-07 1.084076e-10)	(-8.012188e-08 -7.601008e-07 6.388939e-09)
1.678898      	(-5.361229e-06 -2.229348e-06 6.720124e-09)	(-5.279383e-06 -1.432599e-06 1.338852e-10)	(-8.184674e-08 -7.967490e-07 6.586239e-09)
1.683064      	(-6.527887e-06 -1.526207e-06 6.943698e-09)	(-6.437628e-06 -6.992306e-07 1.483544e-10)	(-9.025913e-08 -8.269768e-07 6.795343e-09)
1.68723       	(-6.363301e-06 -2.110168e-06 7.146557e-09)	(-6.260719e-06 -1.247604e-06 1.486451e-10)	(-1.025825e-07 -8.625647e-07 6.997912e-09)
1.691396      	(-7.110143e-06 -1.835937e-06 7.359470e-09)	(-6.994851e-06 -9.370670e-07 1.493771e-10)	(-1.152923e-07 -8.988699e-07 7.210093e-09)
1.695562      	(-7.591216e-06 -1.761537e-06 7.602447e-09)	(-7.461467e-06 -8.291790e-07 1.585839e-10)	(-1.297498e-07 -9.323578e-07 7.443863e-09)
1.699728      	(-7.785226e-06 -1.974524e-06 7.860294e-09)	(-7.641466e-06 -1.002509e-06 1.700644e-10)	(-1.437600e-07 -9.720156e-07 7.690229e-09)
1.703894      	(-8.132791e-06 -2.025749e-06 8.123833e-09)	(-7.975829e-06 -1.009329e-06 1.809475e-10)	(-1.569625e-07 -1.016421e-06 7.942885e-09)
1.70806       	(-8.713889e-06 -2.022614e-06 8.398917e-09)	(-8.542149e-06 -9.595584e-07 1.941481e-10)	(-1.717398e-07 -1.063055e-06 8.204769e-09)
1.712226      	(-9.174942e-06 -2.088920e-06 8.690840e-09)	(-8.986918e-06 -9.754941e-07 2.035465e-10)	(-1.880241e-07 -1.113426e-06 8.487294e-09)
1.716392      	(-9.888172e-06 -2.105700e-06 9.006073e-09)	(-9.682538e-06 -9.386251e-07 2.186835e-10)	(-2.056336e-07 -1.167075e-06 8.787389e-09)
1.720558      	(-1.009963e-05 -2.188111e-06 9.335183e-09)	(-9.874479e-06 -9.640100e-07 2.332982e-10)	(-2.251493e-07 -1.224101e-06 9.101884e-09)
1.724724      	(-1.090223e-05 -2.122905e-06 9.676775e-09)	(-1.065530e-05 -8.388004e-07 2.481908e-10)	(-2.469290e-07 -1.284105e-06 9.428584e-09)
1.72889       	(-1.135115e-05 -2.261504e-06 1.002637e-08)	(-1.108087e-05 -9.134888e-07 2.654882e-10)	(-2.702781e-07 -1.348015e-06 9.760878e-09)
1.733056      	(-1.186929e-05 -2.188843e-06 1.040423e-08)	(-1.157497e-05 -7.727861e-07 2.830522e-10)	(-2.943240e-07 -1.416057e-06 1.012117e-08)
1.737222      	(-1.227350e-05 -2.314996e-06 1.079873e-08)	(-1.195327e-05 -8.269743e-07 2.996716e-10)	(-3.202239e-07 -1.488021e-06 1.049906e-08)
1.741388      	(-1.277334e-05 -2.241392e-06 1.120572e-08)	(-1.242525e-05 -6.776868e-07 3.198143e-10)	(-3.480865e-07 -1.563705e-06 1.088591e-08)
1.745554      	(-1.335756e-05 -2.376071e-06 1.161599e-08)	(-1.298113e-05 -7.317866e-07 3.409082e-10)	(-3.764320e-07 -1.644285e-06 1.127508e-08)
1.74972       	(-1.414211e-05 -2.292632e-06 1.202894e-08)	(-1.373459e-05 -5.640052e-07 3.615887e-10)	(-4.075199e-07 -1.728627e-06 1.166735e-08)
1.753886      	(-1.425323e-05 -2.467788e-06 1.245289e-08)	(-1.381358e-05 -6.493493e-07 3.842229e-10)	(-4.396458e-07 -1.818439e-06 1.206867e-08)
1.758052      	(-1.493052e-05 -2.481787e-06 1.286668e-08)	(-1.445861e-05 -5.677025e-07 4.064671e-10)	(-4.719118e-07 -1.914084e-06 1.246022e-08)
1.762218      	(-1.554733e-05 -2.414222e-06 1.328537e-08)	(-1.504149e-05 -3.994821e-07 4.272948e-10)	(-5.058438e-07 -2.014740e-06 1.285807e-08)
1.766384      	(-1.557869e-05 -2.602996e-06 1.371314e-08)	(-1.503734e-05 -4.825433e-07 4.507340e-10)	(-5.413539e-07 -2.120453e-06 1.326241e-08)
1.77055       	(-1.693291e-05 -2.474387e-06 1.413351e-08)	(-1.635389e-05 -2.428401e-07 4.731401e-10)	(-5.790193e-07 -2.231547e-06 1.366037e-08)
1.774716      	(-1.707992e-05 -2.610460e-06 1.454603e-08)	(-1.646069e-05 -2.619309e-07 4.935435e-10)	(-6.192292e-07 -2.348529e-06 1.405249e-08)
1.778882      	(-1.709233e-05 -2.626264e-06 1.495370e-08)	(-1.643480e-05 -1.541512e-07 5.130584e-10)	(-6.575253e-07 -2.472113e-06 1.444064e-08)
1.783048      	(-1.770280e-05 -2.658105e-06 1.541708e-08)	(-1.700707e-05 -5.676754e-08 5.357545e-10)	(-6.957217e-07 -2.601337e-06 1.488132e-08)
1.787214      	(-1.802775e-05 -2.855382e-06 1.585706e-08)	(-1.729021e-05 -1.193665e-07 5.562155e-10)	(-7.375343e-07 -2.736015e-06 1.530084e-08)
1.79138       	(-1.815680e-05 -2.860162e-06 1.620500e-08)	(-1.737760e-05 1.628796e-08 5.755690e-10)	(-7.791921e-07 -2.876450e-06 1.562943e-08)
1.795546      	(-1.871453e-05 -2.941149e-06 1.650326e-08)	(-1.789349e-05 8.075914e-08 5.945477e-10)	(-8.210374e-07 -3.021908e-06 1.590871e-08)
1.799712      	(-1.873876e-05 -3.045285e-06 1.675818e-08)	(-1.787819e-05 1.262039e-07 6.112261e-10)	(-8.605718e-07 -3.171488e-06 1.614695e-08)
1.803878      	(-1.900068e-05 -3.136457e-06 1.696516e-08)	(-1.810258e-05 1.899790e-07 6.209826e-10)	(-8.981058e-07 -3.326436e-06 1.634418e-08)
1.808044      	(-1.901442e-05 -3.340807e-06 1.717120e-08)	(-1.808135e-05 1.467575e-07 6.366921e-10)	(-9.330711e-07 -3.487565e-06 1.653451e-08)
1.81221       	(-1.894307e-05 -3.541967e-06 1.733999e-08)	(-1.797809e-05 1.104664e-07 6.481714e-10)	(-9.649734e-07 -3.652433e-06 1.669182e-08)
1.816376      	(-1.914950e-05 -3.590678e-06 1.748353e-08)	(-1.815518e-05 2.308200e-07 6.566666e-10)	(-9.943177e-07 -3.821498e-06 1.682687e-08)
1.820542      	(-1.927058e-05 -3.589679e-06 1.758684e-08)	(-1.825646e-05 4.063897e-07 6.662720e-10)	(-1.014119e-06 -3.996069e-06 1.692057e-08)
1.824708      	(-1.904440e-05 -3.834064e-06 1.762949e-08)	(-1.802014e-05 3.417575e-07 6.633584e-10)	(-1.024259e-06 -4.175821e-06 1.696613e-08)
1.828874      	(-1.904828e-05 -4.132393e-06 1.759202e-08)	(-1.802808e-05 2.329127e-07 6.544579e-10)	(-1.020201e-06 -4.365306e-06 1.693756e-08)
1.83304       	(-1.843461e-05 -4.506529e-06 1.751430e-08)	(-1.744270e-05 6.570742e-08 6.593241e-10)	(-9.919167e-07 -4.572237e-06 1.685497e-08)
1.837206      	(-1.847515e-05 -4.857126e-06 1.741501e-08)	(-1.752064e-05 -6.805154e-08 6.713847e-10)	(-9.545068e-07 -4.789075e-06 1.674362e-08)
1.841372      	(-1.841995e-05 -4.930145e-06 1.726055e-08)	(-1.750269e-05 7.425898e-08 6.595619e-10)	(-9.172608e-07 -5.004404e-06 1.660099e-08)
1.845538      	(-1.813979e-05 -5.138422e-06 1.708742e-08)	(-1.726365e-05 8.180574e-08 6.493762e-10)	(-8.761402e-07 -5.220228e-06 1.643804e-08)
1.849704      	(-1.768286e-05 -5.619211e-06 1.686196e-08)	(-1.685368e-05 -1.791933e-07 6.437658e-10)	(-8.291814e-07 -5.440017e-06 1.621819e-08)
1.85387       	(-1.720953e-05 -5.973135e-06 1.656167e-08)	(-1.643340e-05 -3.118403e-07 6.276485e-10)	(-7.761329e-07 -5.661295e-06 1.593402e-08)
1.858036      	(-1.682430e-05 -6.203328e-06 1.624987e-08)	(-1.610684e-05 -3.212784e-07 6.036689e-10)	(-7.174596e-07 -5.882049e-06 1.564620e-08)
1.862202      	(-1.628778e-05 -6.977351e-06 1.596732e-08)	(-1.563574e-05 -8.689395e-07 6.032409e-10)	(-6.520441e-07 -6.108412e-06 1.536408e-08)
1.866368      	(-1.606685e-05 -7.272718e-06 1.567541e-08)	(-1.548322e-05 -9.420904e-07 5.971498e-10)	(-5.836373e-07 -6.330628e-06 1.507826e-08)
1.870534      	(-1.552618e-05 -7.491543e-06 1.538160e-08)	(-1.501601e-05 -9.457788e-07 5.802696e-10)	(-5.101785e-07 -6.545764e-06 1.480133e-08)
1.8747        	(-1.466365e-05 -8.029021e-06 1.514156e-08)	(-1.423910e-05 -1.259607e-06 5.788007e-10)	(-4.245493e-07 -6.769414e-06 1.456276e-08)
1.878866      	(-1.450072e-05 -8.404949e-06 1.502041e-08)	(-1.417000e-05 -1.408607e-06 6.357482e-10)	(-3.307232e-07 -6.996342e-06 1.438466e-08)
1.883032      	(-1.497042e-05 -8.097681e-06 1.466471e-08)	(-1.471573e-05 -8.917492e-07 4.868748e-10)	(-2.546881e-07 -7.205932e-06 1.417784e-08)
1.887198      	(-1.359829e-05 -9.307496e-06 1.442209e-08)	(-1.343283e-05 -1.889546e-06 4.329279e-10)	(-1.654611e-07 -7.417951e-06 1.398917e-08)
1.891364      	(-1.352325e-05 -9.366804e-06 1.435484e-08)	(-1.347090e-05 -1.724447e-06 5.078208e-10)	(-5.235357e-08 -7.642356e-06 1.384702e-08)
1.89553       	(-1.306271e-05 -9.585860e-06 1.428297e-08)	(-1.313897e-05 -1.712575e-06 5.115920e-10)	(7.626254e-08 -7.873286e-06 1.377138e-08)
1.899696      	(-1.239885e-05 -9.837856e-06 1.433253e-08)	(-1.261622e-05 -1.724439e-06 5.049851e-10)	(2.173723e-07 -8.113417e-06 1.382754e-08)
1.903862      	(-1.174326e-05 -9.911191e-06 1.461346e-08)	(-1.210711e-05 -1.546248e-06 4.925676e-10)	(3.638446e-07 -8.364943e-06 1.412089e-08)
1.908028      	(-1.075478e-05 -1.160605e-05 1.476687e-08)	(-1.126251e-05 -3.017315e-06 5.074817e-10)	(5.077388e-07 -8.588732e-06 1.425939e-08)
1.912194      	(-1.034645e-05 -1.209265e-05 1.457182e-08)	(-1.099221e-05 -3.307442e-06 5.414797e-10)	(6.457627e-07 -8.785209e-06 1.403034e-08)
1.91636       	(-1.001165e-05 -1.203854e-05 1.467282e-08)	(-1.080629e-05 -3.041667e-06 5.375960e-10)	(7.946337e-07 -8.996875e-06 1.413522e-08)
1.920526      	(-9.236106e-06 -1.257917e-05 1.508053e-08)	(-1.018003e-05 -3.368477e-06 5.471917e-10)	(9.439213e-07 -9.210694e-06 1.453334e-08)
1.924692      	(-8.634531e-06 -1.316086e-05 1.530349e-08)	(-9.730798e-06 -3.732842e-06 5.537727e-10)	(1.096266e-06 -9.428021e-06 1.474972e-08)
1.928858      	(-7.955350e-06 -1.393933e-05 1.560344e-08)	(-9.196487e-06 -4.315111e-06 5.836543e-10)	(1.241136e-06 -9.624216e-06 1.501979e-08)
1.933024      	(-7.893709e-06 -1.368223e-05 1.592300e-08)	(-9.272589e-06 -3.877346e-06 5.259898e-10)	(1.378880e-06 -9.804881e-06 1.539701e-08)
1.93719       	(-7.100631e-06 -1.431794e-05 1.610205e-08)	(-8.621688e-06 -4.327250e-06 3.738634e-10)	(1.521056e-06 -9.990689e-06 1.572818e-08)
1.941356      	(-6.250114e-06 -1.476225e-05 1.626705e-08)	(-7.898667e-06 -4.594605e-06 5.251375e-10)	(1.648553e-06 -1.016765e-05 1.574191e-08)
1.945522      	(-5.332623e-06 -1.566207e-05 1.509729e-08)	(-7.062854e-06 -5.355639e-06 5.380460e-10)	(1.730231e-06 -1.030643e-05 1.455924e-08)
1.949688      	(-6.109355e-06 -1.531886e-05 1.021051e-08)	(-7.930990e-06 -4.884629e-06 5.305199e-10)	(1.821634e-06 -1.043423e-05 9.679991e-09)
1.953854      	(-5.359633e-06 -1.585512e-05 4.410919e-09)	(-7.304087e-06 -5.284044e-06 5.188612e-10)	(1.944455e-06 -1.057108e-05 3.892058e-09)
1.95802       	(-3.871750e-06 -1.601866e-05 1.562193e-09)	(-5.903516e-06 -5.313780e-06 4.983043e-10)	(2.031766e-06 -1.070488e-05 1.063888e-09)
1.962186      	(-1.641958e-06 -1.780355e-05 7.295392e-09)	(-3.624952e-06 -7.030093e-06 4.810952e-10)	(1.982994e-06 -1.077346e-05 6.814297e-09)
1.966352      	(-6.080935e-06 -1.575668e-05 1.345360e-08)	(-8.061185e-06 -4.931326e-06 4.967058e-10)	(1.980250e-06 -1.082536e-05 1.295689e-08)
1.970518      	(-4.331744e-06 -1.659501e-05 1.443310e-08)	(-6.449839e-06 -5.669161e-06 5.498654e-10)	(2.118095e-06 -1.092585e-05 1.388324e-08)
1.974684      	(-4.199593e-06 -1.657171e-05 1.338880e-08)	(-6.476775e-06 -5.537696e-06 5.655114e-10)	(2.277182e-06 -1.103402e-05 1.282329e-08)
1.97885       	(-3.574341e-06 -1.742166e-05 1.283575e-08)	(-5.975211e-06 -6.308390e-06 5.242535e-10)	(2.400870e-06 -1.111327e-05 1.231150e-08)
1.983016      	(-3.519067e-06 -1.714115e-05 1.291102e-08)	(-6.029018e-06 -5.956945e-06 5.204823e-10)	(2.509951e-06 -1.118421e-05 1.239054e-08)
1.987182      	(-4.223092e-06 -1.681560e-05 1.305382e-08)	(-6.836680e-06 -5.561916e-06 5.265176e-10)	(2.613588e-06 -1.125368e-05 1.252731e-08)
1.991348      	(-4.499121e-06 -1.647472e-05 1.288832e-08)	(-7.215485e-06 -5.157728e-06 5.258783e-10)	(2.716364e-06 -1.131699e-05 1.236244e-08)
1.995514      	(-4.502880e-06 -1.647660e-05 1.293602e-08)	(-7.320937e-06 -5.098545e-06 5.282885e-10)	(2.818057e-06 -1.137805e-05 1.240773e-08)
1.99968       	(-4.746799e-06 -1.641073e-05 1.311791e-08)	(-7.664580e-06 -4.973089e-06 5.320371e-10)	(2.917781e-06 -1.143764e-05 1.258587e-08)
2.003846      	(-4.729776e-06 -1.674332e-05 1.329794e-08)	(-7.745284e-06 -5.250296e-06 5.340664e-10)	(3.015508e-06 -1.149302e-05 1.276387e-08)
2.008012      	(-6.072958e-06 -1.573453e-05 1.351178e-08)	(-9.182268e-06 -4.189135e-06 5.338712e-10)	(3.109309e-06 -1.154539e-05 1.297790e-08)
2.012178      	(-5.872902e-06 -1.607999e-05 1.377286e-08)	(-9.075878e-06 -4.479093e-06 5.374488e-10)	(3.202976e-06 -1.160089e-05 1.323541e-08)
2.016344      	(-6.172655e-06 -1.611577e-05 1.406161e-08)	(-9.470267e-06 -4.455452e-06 5.448785e-10)	(3.297612e-06 -1.166032e-05 1.351673e-08)
2.02051       	(-6.598159e-06 -1.607132e-05 1.435116e-08)	(-9.989106e-06 -4.351097e-06 5.501365e-10)	(3.390947e-06 -1.172022e-05 1.380103e-08)
2.024676      	(-6.717230e-06 -1.612596e-05 1.465110e-08)	(-1.020112e-05 -4.342193e-06 5.575242e-10)	(3.483888e-06 -1.178377e-05 1.409358e-08)
2.028842      	(-6.649543e-06 -1.682470e-05 1.495120e-08)	(-1.022649e-05 -4.974411e-06 5.731905e-10)	(3.576950e-06 -1.185029e-05 1.437801e-08)
2.033008      	(-7.795330e-06 -1.569715e-05 1.525583e-08)	(-1.146737e-05 -3.773881e-06 5.770284e-10)	(3.672038e-06 -1.192327e-05 1.467880e-08)
2.037174      	(-8.847092e-06 -1.547722e-05 1.553179e-08)	(-1.260974e-05 -3.481007e-06 5.786944e-10)	(3.762652e-06 -1.199621e-05 1.495310e-08)
2.04134       	(-7.595609e-06 -1.644189e-05 1.578919e-08)	(-1.145278e-05 -4.368780e-06 5.806496e-10)	(3.857170e-06 -1.207311e-05 1.520854e-08)
2.045506      	(-8.762129e-06 -1.600186e-05 1.600104e-08)	(-1.271127e-05 -3.847616e-06 5.810286e-10)	(3.949143e-06 -1.215424e-05 1.542001e-08)
2.049672      	(-9.127848e-06 -1.604686e-05 1.611490e-08)	(-1.316918e-05 -3.804658e-06 5.810783e-10)	(4.041330e-06 -1.224220e-05 1.553382e-08)
2.053838      	(-1.013505e-05 -1.566448e-05 1.615355e-08)	(-1.426652e-05 -3.330718e-06 5.802086e-10)	(4.131470e-06 -1.233376e-05 1.557334e-08)
2.058004      	(-9.974072e-06 -1.646487e-05 1.626396e-08)	(-1.419566e-05 -4.036101e-06 5.777228e-10)	(4.221585e-06 -1.242876e-05 1.568624e-08)
2.06217       	(-1.062510e-05 -1.617260e-05 1.636693e-08)	(-1.493808e-05 -3.644516e-06 5.719558e-10)	(4.312980e-06 -1.252808e-05 1.579498e-08)
2.066336      	(-1.057207e-05 -1.596532e-05 1.640302e-08)	(-1.497871e-05 -3.331454e-06 5.673931e-10)	(4.406640e-06 -1.263387e-05 1.583563e-08)
2.070502      	(-1.116341e-05 -1.643474e-05 1.636898e-08)	(-1.566471e-05 -3.685322e-06 5.625591e-10)	(4.501300e-06 -1.274942e-05 1.580642e-08)
2.074668      	(-1.130946e-05 -1.655630e-05 1.627617e-08)	(-1.590527e-05 -3.687978e-06 5.573740e-10)	(4.595811e-06 -1.286832e-05 1.571880e-08)
2.078834      	(-1.222117e-05 -1.637519e-05 1.613129e-08)	(-1.691165e-05 -3.383201e-06 5.504983e-10)	(4.690476e-06 -1.299199e-05 1.558079e-08)
2.083         	(-1.280164e-05 -1.663912e-05 1.592955e-08)	(-1.758457e-05 -3.517910e-06 5.439508e-10)	(4.782935e-06 -1.312121e-05 1.538560e-08)
