# Force       
# CofR        : 0.000000e+00 0.000000e+00 0.000000e+00
#
# Time        	total_x total_y total_z	pressure_x pressure_y pressure_z	viscous_x viscous_y viscous_z
0.00625       	-1.846584e-05 -1.842849e-04 6.164213e+01	-2.690612e-05 -2.052509e-04 6.123122e+01	8.440279e-06 2.096602e-05 4.109167e-01
0.0125        	3.985925e-06 -4.181744e-05 -6.663346e+00	-1.440180e-05 -7.409625e-05 -6.837647e+00	1.838772e-05 3.227881e-05 1.743011e-01
0.01875       	-1.853848e-05 -1.883916e-05 -6.374819e+00	-4.667411e-05 -5.471422e-05 -6.485653e+00	2.813563e-05 3.587506e-05 1.108345e-01
0.025         	3.973584e-05 1.628854e-05 -4.193984e-01	1.085782e-05 -1.850966e-05 -4.822753e-01	2.887801e-05 3.479819e-05 6.287692e-02
0.03125       	-2.278182e-05 -2.236561e-05 4.815371e-01	-5.009836e-05 -5.618635e-05 4.375082e-01	2.731655e-05 3.382074e-05 4.402887e-02
0.0375        	1.714633e-06 -1.845952e-06 -1.169939e-01	-2.371214e-05 -3.441825e-05 -1.514285e-01	2.542677e-05 3.257229e-05 3.443463e-02
0.04375       	2.822229e-06 -2.297029e-06 -9.114730e-02	-1.916099e-05 -3.211444e-05 -1.174974e-01	2.198322e-05 2.981741e-05 2.635009e-02
0.05          	2.461256e-06 2.685858e-07 -7.911560e-02	-1.622000e-05 -2.676870e-05 -9.870730e-02	1.868126e-05 2.703728e-05 1.959169e-02
0.05625       	-7.853181e-07 -3.566848e-06 -8.552733e-02	-1.726080e-05 -2.845460e-05 -9.966836e-02	1.647548e-05 2.488775e-05 1.414103e-02
0.0625        	-9.041476e-08 -3.742651e-06 -1.073629e-01	-1.483536e-05 -2.688931e-05 -1.169859e-01	1.474495e-05 2.314665e-05 9.623004e-03
0.06875       	3.469953e-06 6.995905e-07 -1.253255e-01	-1.007139e-05 -2.094950e-05 -1.311256e-01	1.354134e-05 2.164909e-05 5.800147e-03
0.075         	-8.308150e-07 -6.602552e-06 -1.469059e-01	-1.355675e-05 -2.731644e-05 -1.494793e-01	1.272593e-05 2.071389e-05 2.573409e-03
0.08125       	2.129762e-06 -4.352825e-06 -1.647880e-01	-1.000108e-05 -2.434468e-05 -1.646420e-01	1.213084e-05 1.999185e-05 -1.459604e-04
0.0875        	6.781045e-07 -5.156944e-06 -1.804181e-01	-1.099056e-05 -2.434718e-05 -1.779725e-01	1.166866e-05 1.919023e-05 -2.445522e-03
0.09375       	3.842670e-07 -6.891442e-06 -1.955541e-01	-1.095021e-05 -2.525748e-05 -1.911665e-01	1.133448e-05 1.836604e-05 -4.387550e-03
0.1           	1.669294e-06 -5.207082e-06 -2.098750e-01	-9.390013e-06 -2.279249e-05 -2.038474e-01	1.105931e-05 1.758541e-05 -6.027661e-03
0.10625       	-8.899803e-07 -8.825545e-06 -2.222889e-01	-1.173298e-05 -2.565223e-05 -2.148777e-01	1.084300e-05 1.682669e-05 -7.411160e-03
0.1125        	-1.546563e-07 -8.388795e-06 -2.307837e-01	-1.081605e-05 -2.448857e-05 -2.221991e-01	1.066139e-05 1.609978e-05 -8.584655e-03
0.11875       	-5.194065e-07 -9.720150e-06 -2.408284e-01	-1.102246e-05 -2.513223e-05 -2.312522e-01	1.050305e-05 1.541208e-05 -9.576228e-03
0.125         	-4.004072e-07 -1.035942e-05 -2.493795e-01	-1.076865e-05 -2.512070e-05 -2.389679e-01	1.036824e-05 1.476127e-05 -1.041152e-02
0.13125       	-1.163131e-06 -1.134244e-05 -2.571419e-01	-1.136680e-05 -2.548339e-05 -2.460320e-01	1.020367e-05 1.414095e-05 -1.110992e-02
0.1375        	-1.159788e-06 -1.228123e-05 -2.638706e-01	-1.118443e-05 -2.580119e-05 -2.521853e-01	1.002464e-05 1.351996e-05 -1.168531e-02
0.14375       	-1.945875e-06 -1.275847e-05 -2.682740e-01	-1.175289e-05 -2.568362e-05 -2.560950e-01	9.807011e-06 1.292516e-05 -1.217909e-02
0.15          	-1.746223e-06 -1.439391e-05 -2.736106e-01	-1.128162e-05 -2.678810e-05 -2.610115e-01	9.535393e-06 1.239420e-05 -1.259906e-02
0.15625       	-1.752620e-06 -1.321603e-05 -2.788980e-01	-1.107940e-05 -2.511173e-05 -2.659518e-01	9.326775e-06 1.189570e-05 -1.294611e-02
0.1625        	-1.615973e-06 -1.345136e-05 -2.833895e-01	-1.070831e-05 -2.484237e-05 -2.701602e-01	9.092342e-06 1.139101e-05 -1.322933e-02
0.16875       	-2.217151e-06 -1.426611e-05 -2.880075e-01	-1.102473e-05 -2.515194e-05 -2.745589e-01	8.807578e-06 1.088583e-05 -1.344853e-02
0.175         	-1.671152e-06 -1.441297e-05 -2.914975e-01	-1.011824e-05 -2.478843e-05 -2.778839e-01	8.447085e-06 1.037546e-05 -1.361358e-02
0.18125       	-1.827189e-06 -1.455093e-05 -2.944897e-01	-9.898359e-06 -2.444985e-05 -2.807537e-01	8.071170e-06 9.898920e-06 -1.373600e-02
0.1875        	-1.960831e-06 -1.432879e-05 -2.984468e-01	-9.576003e-06 -2.368211e-05 -2.846293e-01	7.615172e-06 9.353323e-06 -1.381747e-02
0.19375       	-2.780691e-06 -1.550953e-05 -3.018906e-01	-1.005621e-05 -2.455565e-05 -2.880276e-01	7.275521e-06 9.046120e-06 -1.386294e-02
0.2           	-1.982724e-06 -1.437161e-05 -3.054422e-01	-8.910651e-06 -2.302198e-05 -2.915660e-01	6.927928e-06 8.650377e-06 -1.387621e-02
0.20625       	-2.603107e-06 -1.427918e-05 -3.087155e-01	-9.131458e-06 -2.245033e-05 -2.948556e-01	6.528351e-06 8.171153e-06 -1.385991e-02
0.2125        	-1.975457e-06 -1.401241e-05 -3.122558e-01	-8.119398e-06 -2.171585e-05 -2.984383e-01	6.143941e-06 7.703436e-06 -1.381751e-02
0.21875       	-2.618839e-06 -1.437598e-05 -3.152580e-01	-8.440551e-06 -2.166075e-05 -3.015056e-01	5.821712e-06 7.284770e-06 -1.375248e-02
0.225         	-2.473269e-06 -1.358873e-05 -3.178869e-01	-8.044995e-06 -2.051628e-05 -3.042182e-01	5.571727e-06 6.927549e-06 -1.366868e-02
0.23125       	-2.704976e-06 -1.332541e-05 -3.208344e-01	-8.054715e-06 -1.990737e-05 -3.072672e-01	5.349739e-06 6.581957e-06 -1.356713e-02
0.2375        	-2.338198e-06 -1.352645e-05 -3.242297e-01	-7.389109e-06 -1.974603e-05 -3.107798e-01	5.050911e-06 6.219575e-06 -1.344988e-02
0.24375       	-2.230057e-06 -1.302442e-05 -3.275142e-01	-6.978714e-06 -1.888757e-05 -3.141945e-01	4.748657e-06 5.863154e-06 -1.331971e-02
0.25          	-2.078077e-06 -1.272892e-05 -3.308218e-01	-6.562879e-06 -1.825425e-05 -3.176454e-01	4.484802e-06 5.525331e-06 -1.317642e-02
0.25625       	-2.153301e-06 -1.238063e-05 -3.342144e-01	-6.388224e-06 -1.759849e-05 -3.211927e-01	4.234922e-06 5.217864e-06 -1.302173e-02
0.2625        	-2.150837e-06 -1.267485e-05 -3.374136e-01	-6.134391e-06 -1.758194e-05 -3.245560e-01	3.983553e-06 4.907089e-06 -1.285762e-02
0.26875       	-1.888048e-06 -1.198522e-05 -3.408838e-01	-5.637094e-06 -1.659767e-05 -3.281982e-01	3.749046e-06 4.612453e-06 -1.268567e-02
0.275         	-1.670906e-06 -1.147529e-05 -3.443469e-01	-5.208322e-06 -1.581192e-05 -3.318381e-01	3.537416e-06 4.336628e-06 -1.250874e-02
0.28125       	-1.620919e-06 -1.131498e-05 -3.477662e-01	-4.960703e-06 -1.537519e-05 -3.354391e-01	3.339784e-06 4.060214e-06 -1.232710e-02
0.2875        	-1.040247e-06 -1.046317e-05 -3.509951e-01	-4.208241e-06 -1.426629e-05 -3.388567e-01	3.167994e-06 3.803127e-06 -1.213833e-02
0.29375       	-1.039787e-06 -1.035350e-05 -3.545681e-01	-4.040458e-06 -1.390164e-05 -3.426235e-01	3.000670e-06 3.548135e-06 -1.194464e-02
0.3           	-9.541204e-07 -1.025403e-05 -3.582404e-01	-3.791744e-06 -1.354889e-05 -3.464915e-01	2.837624e-06 3.294859e-06 -1.174890e-02
0.30625       	-7.209713e-07 -9.791606e-06 -3.619428e-01	-3.388896e-06 -1.283531e-05 -3.503918e-01	2.667925e-06 3.043709e-06 -1.155102e-02
0.3125        	-5.682345e-07 -9.867636e-06 -3.657121e-01	-3.071311e-06 -1.268087e-05 -3.543618e-01	2.503077e-06 2.813229e-06 -1.135023e-02
0.31875       	-3.922995e-07 -9.369861e-06 -3.696937e-01	-2.749112e-06 -1.196760e-05 -3.585457e-01	2.356812e-06 2.597736e-06 -1.114799e-02
0.325         	6.754682e-08 -9.347841e-06 -3.736074e-01	-2.093643e-06 -1.171676e-05 -3.626620e-01	2.161189e-06 2.368914e-06 -1.094532e-02
0.33125       	8.480220e-08 -9.181649e-06 -3.776650e-01	-1.920476e-06 -1.133947e-05 -3.669218e-01	2.005278e-06 2.157823e-06 -1.074320e-02
0.3375        	6.029044e-07 -8.945897e-06 -3.816897e-01	-1.237697e-06 -1.090013e-05 -3.711475e-01	1.840601e-06 1.954231e-06 -1.054211e-02
0.34375       	6.648966e-07 -8.911633e-06 -3.857975e-01	-1.042143e-06 -1.067770e-05 -3.754549e-01	1.707040e-06 1.766065e-06 -1.034255e-02
0.35          	7.882251e-07 -8.828318e-06 -3.898249e-01	-8.076448e-07 -1.042101e-05 -3.796799e-01	1.595870e-06 1.592691e-06 -1.014496e-02
0.35625       	1.280145e-06 -8.699566e-06 -3.940432e-01	-2.058887e-07 -1.012462e-05 -3.840934e-01	1.486033e-06 1.425052e-06 -9.949740e-03
0.3625        	1.452098e-06 -8.770941e-06 -3.981949e-01	8.283634e-08 -1.003080e-05 -3.884382e-01	1.369262e-06 1.259856e-06 -9.756719e-03
0.36875       	1.783139e-06 -8.805958e-06 -4.023979e-01	5.364570e-07 -9.901637e-06 -3.928315e-01	1.246682e-06 1.095678e-06 -9.566406e-03
0.375         	1.943084e-06 -8.572571e-06 -4.067109e-01	8.274554e-07 -9.513729e-06 -3.973314e-01	1.115629e-06 9.411575e-07 -9.379436e-03
0.38125       	1.135609e-06 -9.414295e-06 -4.110869e-01	1.263734e-07 -1.023429e-05 -4.018901e-01	1.009235e-06 8.199935e-07 -9.196809e-03
0.3875        	6.232699e-07 -1.009661e-05 -4.154373e-01	-3.215897e-07 -1.085187e-05 -4.064191e-01	9.448596e-07 7.552634e-07 -9.018151e-03
0.39375       	1.816710e-06 -9.744995e-06 -4.198007e-01	9.408730e-07 -1.043503e-05 -4.109576e-01	8.758374e-07 6.900306e-07 -8.843099e-03
0.4           	1.563668e-06 -9.885897e-06 -4.242495e-01	7.440648e-07 -1.052257e-05 -4.155773e-01	8.196031e-07 6.366704e-07 -8.672157e-03
0.40625       	1.960259e-06 -9.692295e-06 -4.286408e-01	1.217221e-06 -1.024309e-05 -4.201343e-01	7.430387e-07 5.507917e-07 -8.506449e-03
0.4125        	1.967011e-06 -9.690777e-06 -4.330717e-01	1.308281e-06 -1.014980e-05 -4.247248e-01	6.587304e-07 4.590214e-07 -8.346904e-03
0.41875       	1.531075e-06 -1.085347e-05 -4.374838e-01	9.227209e-07 -1.125866e-05 -4.292903e-01	6.083541e-07 4.051850e-07 -8.193488e-03
0.425         	1.771598e-06 -1.097519e-05 -4.419030e-01	1.207455e-06 -1.133199e-05 -4.338584e-01	5.641434e-07 3.567916e-07 -8.044575e-03
0.43125       	2.679232e-06 -9.842157e-06 -4.464030e-01	2.188972e-06 -1.011911e-05 -4.385021e-01	4.902599e-07 2.769505e-07 -7.900955e-03
0.4375        	3.193638e-06 -9.578920e-06 -4.507837e-01	2.812907e-06 -9.749502e-06 -4.430215e-01	3.807302e-07 1.705815e-07 -7.762134e-03
0.44375       	2.829905e-06 -9.775953e-06 -4.552505e-01	2.572031e-06 -9.861054e-06 -4.476225e-01	2.578735e-07 8.510057e-08 -7.628013e-03
0.45          	2.713787e-06 -1.037443e-05 -4.596664e-01	2.556540e-06 -1.040266e-05 -4.521684e-01	1.572477e-07 2.823671e-08 -7.497944e-03
0.45625       	1.632814e-06 -1.171622e-05 -4.640600e-01	1.519508e-06 -1.174328e-05 -4.566875e-01	1.133066e-07 2.705742e-08 -7.372558e-03
0.4625        	2.434010e-06 -1.115946e-05 -4.684228e-01	2.339866e-06 -1.118298e-05 -4.611702e-01	9.414380e-08 2.352270e-08 -7.252521e-03
0.46875       	2.367381e-06 -1.124433e-05 -4.727322e-01	2.303819e-06 -1.126319e-05 -4.655951e-01	6.356170e-08 1.885381e-08 -7.137185e-03
0.475         	2.467642e-06 -1.090363e-05 -4.770604e-01	2.442863e-06 -1.092205e-05 -4.700340e-01	2.477882e-08 1.841434e-08 -7.026368e-03
0.48125       	2.328933e-06 -1.108075e-05 -4.813306e-01	2.342898e-06 -1.111223e-05 -4.744102e-01	-1.396525e-08 3.148271e-08 -6.920495e-03
0.4875        	2.329606e-06 -1.171125e-05 -4.855881e-01	2.381893e-06 -1.176457e-05 -4.787690e-01	-5.228777e-08 5.331809e-08 -6.819090e-03
0.49375       	2.173587e-06 -1.186647e-05 -4.897660e-01	2.276126e-06 -1.195869e-05 -4.830440e-01	-1.025388e-07 9.221712e-08 -6.722007e-03
0.5           	2.100633e-06 -1.205941e-05 -4.938825e-01	2.257167e-06 -1.219944e-05 -4.872532e-01	-1.565333e-07 1.400271e-07 -6.629269e-03
0.50625       	1.775071e-06 -1.183714e-05 -4.979852e-01	1.976900e-06 -1.203680e-05 -4.914449e-01	-2.018288e-07 1.996575e-07 -6.540315e-03
0.5125        	1.824213e-06 -1.191414e-05 -5.019966e-01	2.057340e-06 -1.218582e-05 -4.955421e-01	-2.331268e-07 2.716822e-07 -6.454430e-03
0.51875       	1.621187e-06 -1.252097e-05 -5.059972e-01	1.870729e-06 -1.286850e-05 -4.996266e-01	-2.495418e-07 3.475322e-07 -6.370583e-03
0.525         	1.697459e-07 -1.335075e-05 -5.099472e-01	3.807078e-07 -1.382486e-05 -5.036585e-01	-2.109620e-07 4.741129e-07 -6.288700e-03
0.53125       	4.913561e-07 -1.279086e-05 -5.137174e-01	6.573357e-07 -1.341781e-05 -5.075021e-01	-1.659796e-07 6.269559e-07 -6.215293e-03
0.5375        	4.916953e-07 -1.273410e-05 -5.174912e-01	6.289621e-07 -1.350428e-05 -5.113390e-01	-1.372668e-07 7.701780e-07 -6.152204e-03
0.54375       	6.370527e-07 -1.230145e-05 -5.212015e-01	7.686979e-07 -1.317853e-05 -5.151072e-01	-1.316451e-07 8.770835e-07 -6.094234e-03
0.55          	9.752115e-07 -1.200683e-05 -5.248381e-01	1.142958e-06 -1.295590e-05 -5.188002e-01	-1.677467e-07 9.490628e-07 -6.037913e-03
0.55625       	9.691978e-07 -1.189581e-05 -5.283631e-01	1.195704e-06 -1.291524e-05 -5.223799e-01	-2.265060e-07 1.019437e-06 -5.983179e-03
0.5625        	8.917957e-07 -1.190197e-05 -5.318445e-01	1.155805e-06 -1.300892e-05 -5.259128e-01	-2.640090e-07 1.106951e-06 -5.931661e-03
0.56875       	3.927116e-07 -1.208398e-05 -5.352859e-01	6.855910e-07 -1.328505e-05 -5.294019e-01	-2.928794e-07 1.201075e-06 -5.884030e-03
0.575         	2.724621e-07 -1.183809e-05 -5.386152e-01	5.905831e-07 -1.314658e-05 -5.327760e-01	-3.181211e-07 1.308486e-06 -5.839261e-03
0.58125       	-1.480815e-07 -1.206059e-05 -5.418082e-01	1.829787e-07 -1.349424e-05 -5.360117e-01	-3.310603e-07 1.433650e-06 -5.796525e-03
0.5875        	-3.876741e-07 -1.194504e-05 -5.450156e-01	-6.916395e-08 -1.351318e-05 -5.392601e-01	-3.185102e-07 1.568142e-06 -5.755472e-03
0.59375       	-4.889376e-07 -1.183134e-05 -5.480930e-01	-1.668477e-07 -1.353908e-05 -5.423771e-01	-3.220899e-07 1.707738e-06 -5.715895e-03
0.6           	-8.696552e-07 -1.169783e-05 -5.510385e-01	-5.475154e-07 -1.354943e-05 -5.453610e-01	-3.221398e-07 1.851594e-06 -5.677507e-03
0.60625       	-9.244487e-07 -1.195358e-05 -5.539360e-01	-6.140113e-07 -1.394758e-05 -5.482959e-01	-3.104374e-07 1.993994e-06 -5.640032e-03
0.6125        	-1.167432e-06 -1.157508e-05 -5.567414e-01	-8.591986e-07 -1.372211e-05 -5.511379e-01	-3.082333e-07 2.147031e-06 -5.603505e-03
0.61875       	-1.517853e-06 -1.165960e-05 -5.594471e-01	-1.207718e-06 -1.396102e-05 -5.538796e-01	-3.101345e-07 2.301413e-06 -5.567597e-03
0.625         	-1.656808e-06 -1.144734e-05 -5.620564e-01	-1.345901e-06 -1.390582e-05 -5.565241e-01	-3.109066e-07 2.458486e-06 -5.532328e-03
0.63125       	-1.938893e-06 -1.167714e-05 -5.645625e-01	-1.638820e-06 -1.428825e-05 -5.590651e-01	-3.000734e-07 2.611105e-06 -5.497411e-03
0.6375        	-2.296123e-06 -1.082793e-05 -5.669549e-01	-2.002863e-06 -1.361374e-05 -5.614921e-01	-2.932596e-07 2.785808e-06 -5.462733e-03
0.64375       	-2.439365e-06 -1.104187e-05 -5.692689e-01	-2.162717e-06 -1.399023e-05 -5.638407e-01	-2.766480e-07 2.948361e-06 -5.428130e-03
0.65          	-2.366687e-06 -1.066542e-05 -5.714744e-01	-2.111904e-06 -1.375438e-05 -5.660811e-01	-2.547830e-07 3.088958e-06 -5.393324e-03
0.65625       	-2.337691e-06 -1.049520e-05 -5.735237e-01	-2.081944e-06 -1.371020e-05 -5.681657e-01	-2.557474e-07 3.214998e-06 -5.358031e-03
0.6625        	-2.544194e-06 -1.034306e-05 -5.754853e-01	-2.275924e-06 -1.369251e-05 -5.701631e-01	-2.682700e-07 3.349448e-06 -5.322216e-03
0.66875       	-2.890933e-06 -9.596378e-06 -5.773179e-01	-2.623991e-06 -1.310728e-05 -5.720322e-01	-2.669423e-07 3.510899e-06 -5.285653e-03
0.675         	-2.852699e-06 -9.871194e-06 -5.790661e-01	-2.598341e-06 -1.354291e-05 -5.738181e-01	-2.543582e-07 3.671717e-06 -5.247995e-03
0.68125       	-3.247534e-06 -9.482150e-06 -5.806364e-01	-3.010864e-06 -1.331778e-05 -5.754270e-01	-2.366703e-07 3.835628e-06 -5.209422e-03
0.6875        	-3.347989e-06 -9.344783e-06 -5.820764e-01	-3.122112e-06 -1.335229e-05 -5.769071e-01	-2.258775e-07 4.007507e-06 -5.169309e-03
0.69375       	-3.504199e-06 -8.820331e-06 -5.834892e-01	-3.295659e-06 -1.299145e-05 -5.783616e-01	-2.085399e-07 4.171122e-06 -5.127666e-03
0.7           	-3.741540e-06 -8.524970e-06 -5.847007e-01	-3.556039e-06 -1.285999e-05 -5.796163e-01	-1.855018e-07 4.335021e-06 -5.084385e-03
0.70625       	-3.954747e-06 -8.233022e-06 -5.857599e-01	-3.797086e-06 -1.274750e-05 -5.807206e-01	-1.576608e-07 4.514478e-06 -5.039246e-03
0.7125        	-3.930846e-06 -8.109341e-06 -5.866766e-01	-3.801807e-06 -1.280032e-05 -5.816843e-01	-1.290384e-07 4.690976e-06 -4.992294e-03
0.71875       	-3.892309e-06 -7.295110e-06 -5.874118e-01	-3.797726e-06 -1.217433e-05 -5.824683e-01	-9.458374e-08 4.879225e-06 -4.943502e-03
0.725         	-4.256211e-06 -7.409305e-06 -5.879839e-01	-4.197643e-06 -1.246784e-05 -5.830909e-01	-5.856817e-08 5.058540e-06 -4.892955e-03
0.73125       	-4.563907e-06 -6.369459e-06 -5.883437e-01	-4.542928e-06 -1.161765e-05 -5.835031e-01	-2.097938e-08 5.248195e-06 -4.840525e-03
0.7375        	-4.545889e-06 -6.597635e-06 -5.890997e-01	-4.569722e-06 -1.201397e-05 -5.843122e-01	2.383328e-08 5.416334e-06 -4.787466e-03
0.74375       	-1.594309e-06 -2.938311e-06 -5.893888e-01	-1.536356e-06 -8.343700e-06 -5.846550e-01	-5.795295e-08 5.405389e-06 -4.733808e-03
0.75          	-9.153005e-07 -1.603184e-06 -5.894463e-01	-6.586515e-07 -6.890735e-06 -5.847675e-01	-2.566490e-07 5.287551e-06 -4.678722e-03
0.75625       	-3.515283e-06 -4.009064e-06 -5.893600e-01	-3.176749e-06 -9.284063e-06 -5.847379e-01	-3.385344e-07 5.274999e-06 -4.622124e-03
0.7625        	-4.195824e-06 -4.306764e-06 -5.891011e-01	-3.878704e-06 -9.675234e-06 -5.845366e-01	-3.171193e-07 5.368470e-06 -4.564551e-03
0.76875       	-3.747670e-06 -2.615458e-06 -5.885778e-01	-3.425831e-06 -8.086658e-06 -5.840718e-01	-3.218396e-07 5.471200e-06 -4.506042e-03
0.775         	-4.355826e-06 -2.583092e-06 -5.879277e-01	-4.006253e-06 -8.152633e-06 -5.834804e-01	-3.495732e-07 5.569541e-06 -4.447336e-03
0.78125       	-4.691726e-06 -2.344011e-06 -5.871505e-01	-4.353189e-06 -8.000064e-06 -5.827613e-01	-3.385369e-07 5.656053e-06 -4.389213e-03
0.7875        	-4.966531e-06 -1.982268e-06 -5.862924e-01	-4.680178e-06 -7.728565e-06 -5.819599e-01	-2.863524e-07 5.746297e-06 -4.332459e-03
0.79375       	-4.663356e-06 -1.722243e-06 -5.851707e-01	-4.436601e-06 -7.556470e-06 -5.808934e-01	-2.267553e-07 5.834227e-06 -4.277362e-03
0.8           	-5.094536e-06 -1.319598e-06 -5.837380e-01	-4.987367e-06 -7.240838e-06 -5.795141e-01	-1.071690e-07 5.921241e-06 -4.223877e-03
0.80625       	-5.116960e-06 -6.853192e-07 -5.822230e-01	-5.137058e-06 -6.716940e-06 -5.780503e-01	2.009750e-08 6.031621e-06 -4.172719e-03
0.8125        	-5.312671e-06 -3.370348e-07 -5.806483e-01	-5.443578e-06 -6.461510e-06 -5.765232e-01	1.309072e-07 6.124475e-06 -4.125104e-03
0.81875       	-5.477313e-06 1.071471e-07 -5.789085e-01	-5.728365e-06 -6.096438e-06 -5.748271e-01	2.510521e-07 6.203585e-06 -4.081450e-03
0.825         	-5.544229e-06 2.958556e-07 -5.769379e-01	-5.922651e-06 -5.973763e-06 -5.728963e-01	3.784217e-07 6.269619e-06 -4.041613e-03
0.83125       	-5.517538e-06 6.818522e-07 -5.748340e-01	-6.022412e-06 -5.642119e-06 -5.708279e-01	5.048740e-07 6.323971e-06 -4.006093e-03
0.8375        	-5.611908e-06 1.529500e-06 -5.726185e-01	-6.245681e-06 -4.853075e-06 -5.686425e-01	6.337737e-07 6.382575e-06 -3.976060e-03
0.84375       	-5.548542e-06 1.809071e-06 -5.702897e-01	-6.315171e-06 -4.629650e-06 -5.663374e-01	7.666290e-07 6.438721e-06 -3.952319e-03
0.85          	-5.537538e-06 2.295557e-06 -5.678106e-01	-6.438239e-06 -4.188825e-06 -5.638753e-01	9.007011e-07 6.484382e-06 -3.935353e-03
0.85625       	-5.607614e-06 3.039571e-06 -5.651604e-01	-6.639110e-06 -3.487800e-06 -5.612351e-01	1.031496e-06 6.527371e-06 -3.925334e-03
0.8625        	-5.400703e-06 3.159174e-06 -5.625143e-01	-6.554345e-06 -3.396316e-06 -5.585911e-01	1.153642e-06 6.555490e-06 -3.923181e-03
0.86875       	-5.413619e-06 3.344954e-06 -5.597115e-01	-6.679355e-06 -3.231237e-06 -5.557819e-01	1.265736e-06 6.576191e-06 -3.929524e-03
0.875         	-5.647206e-06 4.125864e-06 -5.567829e-01	-7.034275e-06 -2.470095e-06 -5.528383e-01	1.387069e-06 6.595959e-06 -3.944552e-03
0.88125       	-7.117779e-06 3.750189e-06 -5.538259e-01	-8.697873e-06 -2.896665e-06 -5.498575e-01	1.580094e-06 6.646854e-06 -3.968451e-03
0.8875        	-5.490519e-06 4.708919e-06 -5.507908e-01	-7.236183e-06 -1.968117e-06 -5.467891e-01	1.745664e-06 6.677036e-06 -4.001721e-03
0.89375       	-5.998276e-06 5.001102e-06 -5.477199e-01	-7.896202e-06 -1.705920e-06 -5.436747e-01	1.897926e-06 6.707021e-06 -4.045146e-03
0.9           	-6.271484e-06 4.743398e-06 -5.445895e-01	-8.347096e-06 -2.029323e-06 -5.404908e-01	2.075611e-06 6.772721e-06 -4.098661e-03
0.90625       	-6.312353e-06 5.573028e-06 -5.414215e-01	-8.583848e-06 -1.252035e-06 -5.372595e-01	2.271495e-06 6.825063e-06 -4.161991e-03
0.9125        	-5.982922e-06 6.321146e-06 -5.382308e-01	-8.424984e-06 -5.183357e-07 -5.339957e-01	2.442062e-06 6.839482e-06 -4.235116e-03
0.91875       	-6.047827e-06 6.515169e-06 -5.350222e-01	-8.654587e-06 -3.268942e-07 -5.307044e-01	2.606760e-06 6.842063e-06 -4.317785e-03
0.925         	-5.716323e-06 6.854211e-06 -5.318223e-01	-8.422051e-06 7.215705e-08 -5.274124e-01	2.705728e-06 6.782053e-06 -4.409878e-03
0.93125       	-4.825800e-06 8.054198e-06 -5.286456e-01	-7.581109e-06 1.342577e-06 -5.241337e-01	2.755309e-06 6.711622e-06 -4.511826e-03
0.9375        	-5.859095e-06 7.206514e-06 -5.254862e-01	-8.659493e-06 5.121261e-07 -5.208629e-01	2.800399e-06 6.694388e-06 -4.623336e-03
0.94375       	-6.197057e-06 6.887056e-06 -5.222919e-01	-9.112595e-06 1.631553e-07 -5.175489e-01	2.915537e-06 6.723901e-06 -4.743020e-03
0.95          	-5.906298e-06 7.343487e-06 -5.191064e-01	-8.911067e-06 5.996209e-07 -5.142367e-01	3.004769e-06 6.743866e-06 -4.869708e-03
0.95625       	-6.405909e-06 6.806922e-06 -5.159590e-01	-9.519997e-06 3.893417e-08 -5.109564e-01	3.114088e-06 6.767987e-06 -5.002599e-03
0.9625        	-5.512035e-06 7.870514e-06 -5.128320e-01	-8.675163e-06 1.098075e-06 -5.076911e-01	3.163128e-06 6.772439e-06 -5.140891e-03
0.96875       	-5.546827e-06 8.014627e-06 -5.096952e-01	-8.738522e-06 1.236235e-06 -5.044118e-01	3.191695e-06 6.778392e-06 -5.283343e-03
0.975         	-5.665581e-06 7.524917e-06 -5.066043e-01	-8.884953e-06 7.491058e-07 -5.011754e-01	3.219371e-06 6.775811e-06 -5.428879e-03
0.98125       	-5.569113e-06 7.761273e-06 -5.035039e-01	-8.795741e-06 9.903890e-07 -4.979276e-01	3.226628e-06 6.770884e-06 -5.576288e-03
0.9875        	-5.394039e-06 7.777621e-06 -5.004409e-01	-8.636967e-06 1.005239e-06 -4.947164e-01	3.242928e-06 6.772382e-06 -5.724497e-03
0.99375       	-5.262071e-06 7.866656e-06 -4.973696e-01	-8.514687e-06 1.103029e-06 -4.914972e-01	3.252616e-06 6.763627e-06 -5.872361e-03
1             	-5.225737e-06 7.759300e-06 -4.943024e-01	-8.486228e-06 1.029300e-06 -4.882835e-01	3.260491e-06 6.730001e-06 -6.018871e-03
1.00625       	-5.120531e-06 7.678665e-06 -4.912448e-01	-8.380799e-06 9.767583e-07 -4.850816e-01	3.260268e-06 6.701907e-06 -6.163223e-03
1.0125        	-5.249885e-06 7.201841e-06 -4.881469e-01	-8.502818e-06 5.147748e-07 -4.818426e-01	3.252933e-06 6.687067e-06 -6.304315e-03
1.01875       	-5.288271e-06 7.191979e-06 -4.850539e-01	-8.539778e-06 5.170829e-07 -4.786123e-01	3.251507e-06 6.674896e-06 -6.441577e-03
1.025         	-5.110878e-06 7.123314e-06 -4.820420e-01	-8.350481e-06 4.656983e-07 -4.754669e-01	3.239603e-06 6.657616e-06 -6.575147e-03
1.03125       	-5.175704e-06 6.664956e-06 -4.789416e-01	-8.406934e-06 3.239816e-08 -4.722377e-01	3.231230e-06 6.632557e-06 -6.703896e-03
1.0375        	-5.062831e-06 6.798621e-06 -4.758705e-01	-8.283161e-06 1.875429e-07 -4.690431e-01	3.220330e-06 6.611078e-06 -6.827350e-03
1.04375       	-5.100602e-06 6.200183e-06 -4.728303e-01	-8.307269e-06 -3.935748e-07 -4.658847e-01	3.206668e-06 6.593758e-06 -6.945586e-03
1.05          	-4.840308e-06 6.231576e-06 -4.696655e-01	-8.028437e-06 -3.352045e-07 -4.626078e-01	3.188129e-06 6.566780e-06 -7.057770e-03
1.05625       	-5.061783e-06 5.906322e-06 -4.665042e-01	-8.239508e-06 -6.346121e-07 -4.593405e-01	3.177725e-06 6.540934e-06 -7.163689e-03
1.0625        	-5.128213e-06 5.445232e-06 -4.633908e-01	-8.299893e-06 -1.061811e-06 -4.561265e-01	3.171681e-06 6.507044e-06 -7.264289e-03
1.06875       	-4.852608e-06 5.500397e-06 -4.602302e-01	-8.011452e-06 -9.746219e-07 -4.528710e-01	3.158844e-06 6.475019e-06 -7.359211e-03
1.075         	-4.789775e-06 4.845426e-06 -4.570255e-01	-7.926748e-06 -1.581742e-06 -4.495779e-01	3.136973e-06 6.427168e-06 -7.447598e-03
1.08125       	-4.975491e-06 4.474149e-06 -4.538568e-01	-8.094526e-06 -1.897106e-06 -4.463268e-01	3.119036e-06 6.371255e-06 -7.529962e-03
1.0875        	-4.834182e-06 4.298882e-06 -4.506895e-01	-7.940339e-06 -2.028809e-06 -4.430827e-01	3.106157e-06 6.327691e-06 -7.606789e-03
1.09375       	-4.665396e-06 4.142103e-06 -4.474561e-01	-7.755305e-06 -2.141530e-06 -4.397785e-01	3.089909e-06 6.283634e-06 -7.677604e-03
1.1           	-4.575592e-06 3.966428e-06 -4.442324e-01	-7.651026e-06 -2.272685e-06 -4.364900e-01	3.075433e-06 6.239113e-06 -7.742408e-03
1.10625       	-4.586844e-06 3.644999e-06 -4.410361e-01	-7.647561e-06 -2.549455e-06 -4.332345e-01	3.060717e-06 6.194454e-06 -7.801580e-03
1.1125        	-4.527108e-06 3.042199e-06 -4.378332e-01	-7.573226e-06 -3.096676e-06 -4.299780e-01	3.046118e-06 6.138875e-06 -7.855141e-03
1.11875       	-4.495889e-06 3.127931e-06 -4.346279e-01	-7.527586e-06 -2.961912e-06 -4.267246e-01	3.031697e-06 6.089843e-06 -7.903291e-03
1.125         	-4.477731e-06 2.696402e-06 -4.313579e-01	-7.495686e-06 -3.344986e-06 -4.234122e-01	3.017956e-06 6.041387e-06 -7.945773e-03
1.13125       	-4.433852e-06 2.484854e-06 -4.281398e-01	-7.438385e-06 -3.506659e-06 -4.201570e-01	3.004533e-06 5.991513e-06 -7.982791e-03
1.1375        	-4.314518e-06 2.235690e-06 -4.249739e-01	-7.307713e-06 -3.706518e-06 -4.169595e-01	2.993194e-06 5.942208e-06 -8.014480e-03
1.14375       	-4.328587e-06 2.168207e-06 -4.217196e-01	-7.310910e-06 -3.732675e-06 -4.136791e-01	2.982323e-06 5.900882e-06 -8.040481e-03
1.15          	-4.314605e-06 1.914618e-06 -4.185482e-01	-7.284988e-06 -3.945636e-06 -4.104872e-01	2.970382e-06 5.860254e-06 -8.060995e-03
1.15625       	-4.185115e-06 1.287518e-06 -4.153025e-01	-7.146347e-06 -4.520932e-06 -4.072269e-01	2.961231e-06 5.808450e-06 -8.075654e-03
1.1625        	-4.199252e-06 1.552906e-06 -4.121117e-01	-7.150830e-06 -4.215669e-06 -4.040274e-01	2.951579e-06 5.768575e-06 -8.084308e-03
1.16875       	-4.166461e-06 9.487219e-07 -4.089229e-01	-7.107211e-06 -4.775508e-06 -4.008360e-01	2.940750e-06 5.724230e-06 -8.086923e-03
1.175         	-4.132535e-06 7.133604e-07 -4.057878e-01	-7.064458e-06 -4.966231e-06 -3.977043e-01	2.931923e-06 5.679591e-06 -8.083522e-03
1.18125       	-4.156792e-06 6.081153e-07 -4.025103e-01	-7.080019e-06 -5.033668e-06 -3.944368e-01	2.923226e-06 5.641783e-06 -8.073547e-03
1.1875        	-3.909248e-06 1.725505e-07 -3.993472e-01	-6.827709e-06 -5.426089e-06 -3.912901e-01	2.918461e-06 5.598640e-06 -8.057151e-03
1.19375       	-3.971932e-06 3.660668e-07 -3.961592e-01	-6.886403e-06 -5.203077e-06 -3.881249e-01	2.914471e-06 5.569144e-06 -8.034307e-03
1.2           	-4.047078e-06 3.395758e-08 -3.929155e-01	-6.953692e-06 -5.505468e-06 -3.849109e-01	2.906614e-06 5.539425e-06 -8.004618e-03
1.20625       	-3.980553e-06 -4.187590e-09 -3.898751e-01	-6.880716e-06 -5.515072e-06 -3.819063e-01	2.900163e-06 5.510885e-06 -7.968775e-03
1.2125        	-3.854193e-06 -3.230170e-07 -3.865314e-01	-6.752038e-06 -5.803597e-06 -3.786055e-01	2.897845e-06 5.480580e-06 -7.925941e-03
1.21875       	-3.935142e-06 -7.732826e-07 -3.833918e-01	-6.829500e-06 -6.215683e-06 -3.755153e-01	2.894358e-06 5.442400e-06 -7.876545e-03
1.225         	-3.851991e-06 -5.903724e-07 -3.802671e-01	-6.743136e-06 -6.005884e-06 -3.724461e-01	2.891145e-06 5.415512e-06 -7.821070e-03
1.23125       	-3.859346e-06 -8.503210e-07 -3.770097e-01	-6.749385e-06 -6.240450e-06 -3.692508e-01	2.890039e-06 5.390129e-06 -7.758875e-03
1.2375        	-3.888476e-06 -1.213164e-06 -3.738619e-01	-6.776906e-06 -6.571908e-06 -3.661715e-01	2.888430e-06 5.358744e-06 -7.690379e-03
1.24375       	-3.815427e-06 -1.080874e-06 -3.707708e-01	-6.702004e-06 -6.414477e-06 -3.631546e-01	2.886577e-06 5.333603e-06 -7.616210e-03
1.25          	-3.819246e-06 -1.428482e-06 -3.674535e-01	-6.697961e-06 -6.732616e-06 -3.599178e-01	2.878715e-06 5.304134e-06 -7.535690e-03
1.25625       	-3.669854e-06 -1.627180e-06 -3.642337e-01	-6.544494e-06 -6.900930e-06 -3.567846e-01	2.874640e-06 5.273749e-06 -7.449102e-03
1.2625        	-3.854053e-06 -1.871936e-06 -3.612116e-01	-6.727711e-06 -7.117910e-06 -3.538540e-01	2.873659e-06 5.245974e-06 -7.357581e-03
1.26875       	-3.714799e-06 -1.704724e-06 -3.579738e-01	-6.592516e-06 -6.932939e-06 -3.507130e-01	2.877717e-06 5.228215e-06 -7.260830e-03
1.275         	-3.554508e-06 -1.835722e-06 -3.547506e-01	-6.427210e-06 -7.039005e-06 -3.475921e-01	2.872702e-06 5.203283e-06 -7.158573e-03
1.28125       	-3.432137e-06 -1.952872e-06 -3.515951e-01	-6.286753e-06 -7.117770e-06 -3.445437e-01	2.854616e-06 5.164899e-06 -7.051420e-03
1.2875        	-3.539697e-06 -2.118961e-06 -3.485140e-01	-6.387416e-06 -7.250597e-06 -3.415740e-01	2.847719e-06 5.131637e-06 -6.940005e-03
1.29375       	-3.492759e-06 -2.032577e-06 -3.452446e-01	-6.339264e-06 -7.141678e-06 -3.384207e-01	2.846505e-06 5.109101e-06 -6.823944e-03
1.3           	-3.436351e-06 -2.343993e-06 -3.419676e-01	-6.275598e-06 -7.421381e-06 -3.352642e-01	2.839248e-06 5.077388e-06 -6.703328e-03
1.30625       	-3.489707e-06 -2.437907e-06 -3.387994e-01	-6.325821e-06 -7.486113e-06 -3.322204e-01	2.836114e-06 5.048207e-06 -6.578928e-03
1.3125        	-3.488011e-06 -2.492759e-06 -3.357540e-01	-6.323435e-06 -7.517844e-06 -3.293025e-01	2.835424e-06 5.025085e-06 -6.451446e-03
1.31875       	-3.394082e-06 -2.425807e-06 -3.324768e-01	-6.231182e-06 -7.432142e-06 -3.261564e-01	2.837099e-06 5.006334e-06 -6.320401e-03
1.325         	-3.525106e-06 -2.640021e-06 -3.292155e-01	-6.361585e-06 -7.623965e-06 -3.230296e-01	2.836480e-06 4.983943e-06 -6.185873e-03
1.33125       	-3.472590e-06 -2.774251e-06 -3.260409e-01	-6.307975e-06 -7.731843e-06 -3.199923e-01	2.835385e-06 4.957592e-06 -6.048598e-03
1.3375        	-3.420249e-06 -2.881798e-06 -3.228710e-01	-6.253765e-06 -7.810951e-06 -3.169622e-01	2.833516e-06 4.929152e-06 -5.908877e-03
1.34375       	-3.296796e-06 -2.907829e-06 -3.198175e-01	-6.120642e-06 -7.812990e-06 -3.140504e-01	2.823846e-06 4.905161e-06 -5.767134e-03
1.35          	-3.543825e-06 -3.064265e-06 -3.163637e-01	-6.358723e-06 -7.944672e-06 -3.107411e-01	2.814899e-06 4.880406e-06 -5.622589e-03
1.35625       	-3.335655e-06 -3.070086e-06 -3.131796e-01	-6.140643e-06 -7.921019e-06 -3.077037e-01	2.804988e-06 4.850933e-06 -5.475889e-03
1.3625        	-2.956026e-06 -2.979261e-06 -3.099327e-01	-5.740039e-06 -7.790862e-06 -3.046052e-01	2.784012e-06 4.811601e-06 -5.327526e-03
1.36875       	-3.525316e-06 -3.347047e-06 -3.067484e-01	-6.296309e-06 -8.123518e-06 -3.015707e-01	2.770992e-06 4.776471e-06 -5.177759e-03
1.375         	-3.151778e-06 -3.142675e-06 -3.036905e-01	-5.908758e-06 -7.888227e-06 -2.986632e-01	2.756980e-06 4.745552e-06 -5.027255e-03
1.38125       	-3.394730e-06 -3.432100e-06 -3.002551e-01	-6.134091e-06 -8.148019e-06 -2.953799e-01	2.739361e-06 4.715919e-06 -4.875206e-03
1.3875        	-3.421628e-06 -3.445483e-06 -2.970008e-01	-6.156122e-06 -8.129071e-06 -2.922788e-01	2.734494e-06 4.683587e-06 -4.721918e-03
1.39375       	-3.421837e-06 -3.441755e-06 -2.937792e-01	-6.154431e-06 -8.098466e-06 -2.892111e-01	2.732594e-06 4.656711e-06 -4.568064e-03
1.4           	-3.394510e-06 -3.523774e-06 -2.905157e-01	-6.123281e-06 -8.151274e-06 -2.861019e-01	2.728771e-06 4.627500e-06 -4.413831e-03
1.40625       	-3.483547e-06 -3.665341e-06 -2.873529e-01	-6.209504e-06 -8.262632e-06 -2.830932e-01	2.725956e-06 4.597291e-06 -4.259650e-03
1.4125        	-3.498209e-06 -3.704608e-06 -2.840914e-01	-6.221587e-06 -8.273791e-06 -2.799860e-01	2.723379e-06 4.569184e-06 -4.105380e-03
1.41875       	-3.440878e-06 -3.671251e-06 -2.807058e-01	-6.161645e-06 -8.210549e-06 -2.767554e-01	2.720767e-06 4.539298e-06 -3.950419e-03
1.425         	-3.453313e-06 -3.790194e-06 -2.774166e-01	-6.169008e-06 -8.298073e-06 -2.736213e-01	2.715695e-06 4.507879e-06 -3.795247e-03
1.43125       	-3.564217e-06 -3.931809e-06 -2.740899e-01	-6.271657e-06 -8.405944e-06 -2.704495e-01	2.707440e-06 4.474135e-06 -3.640446e-03
1.4375        	-3.539452e-06 -3.924775e-06 -2.708343e-01	-6.238770e-06 -8.365591e-06 -2.673483e-01	2.699319e-06 4.440815e-06 -3.486062e-03
1.44375       	-3.502120e-06 -3.911953e-06 -2.675720e-01	-6.192765e-06 -8.320352e-06 -2.642397e-01	2.690644e-06 4.408399e-06 -3.332270e-03
1.45          	-3.626785e-06 -4.004590e-06 -2.643749e-01	-6.306797e-06 -8.380445e-06 -2.611956e-01	2.680012e-06 4.375855e-06 -3.179309e-03
1.45625       	-3.532241e-06 -4.005489e-06 -2.608287e-01	-6.201308e-06 -8.347485e-06 -2.578022e-01	2.669067e-06 4.341996e-06 -3.026487e-03
1.4625        	-3.638230e-06 -4.173550e-06 -2.574834e-01	-6.294460e-06 -8.477582e-06 -2.546091e-01	2.656230e-06 4.304032e-06 -2.874290e-03
1.46875       	-3.603605e-06 -4.055474e-06 -2.540802e-01	-6.245942e-06 -8.324207e-06 -2.513572e-01	2.642337e-06 4.268732e-06 -2.723044e-03
1.475         	-3.633651e-06 -4.159897e-06 -2.507185e-01	-6.262276e-06 -8.393363e-06 -2.481458e-01	2.628625e-06 4.233466e-06 -2.572728e-03
1.48125       	-3.641903e-06 -4.239071e-06 -2.473629e-01	-6.255579e-06 -8.433138e-06 -2.449393e-01	2.613676e-06 4.194067e-06 -2.423610e-03
1.4875        	-3.757987e-06 -4.295797e-06 -2.439669e-01	-6.352649e-06 -8.451182e-06 -2.416913e-01	2.594662e-06 4.155386e-06 -2.275659e-03
1.49375       	-3.632981e-06 -4.308424e-06 -2.406539e-01	-6.209456e-06 -8.426178e-06 -2.385248e-01	2.576475e-06 4.117754e-06 -2.129117e-03
1.5           	-3.716473e-06 -4.295487e-06 -2.370449e-01	-6.271719e-06 -8.376146e-06 -2.350613e-01	2.555246e-06 4.080658e-06 -1.983532e-03
1.50625       	-3.793090e-06 -4.351151e-06 -2.335695e-01	-6.323856e-06 -8.391425e-06 -2.317304e-01	2.530766e-06 4.040275e-06 -1.839161e-03
1.5125        	-3.567053e-06 -4.522753e-06 -2.300732e-01	-6.068361e-06 -8.528897e-06 -2.283771e-01	2.501308e-06 4.006144e-06 -1.696135e-03
1.51875       	-3.812440e-06 -4.323184e-06 -2.265858e-01	-6.286306e-06 -8.290560e-06 -2.250312e-01	2.473866e-06 3.967377e-06 -1.554612e-03
1.525         	-3.629522e-06 -4.661155e-06 -2.230830e-01	-6.064536e-06 -8.591935e-06 -2.216683e-01	2.435014e-06 3.930780e-06 -1.414688e-03
1.53125       	-3.953816e-06 -4.634843e-06 -2.195325e-01	-6.365091e-06 -8.533501e-06 -2.182560e-01	2.411276e-06 3.898658e-06 -1.276529e-03
1.5375        	-3.993797e-06 -4.440019e-06 -2.160522e-01	-6.397472e-06 -8.289348e-06 -2.149121e-01	2.403674e-06 3.849329e-06 -1.140127e-03
1.54375       	-3.812702e-06 -4.479893e-06 -2.125044e-01	-6.192494e-06 -8.280992e-06 -2.114988e-01	2.379792e-06 3.801099e-06 -1.005653e-03
1.55          	-3.924479e-06 -4.579057e-06 -2.087575e-01	-6.263996e-06 -8.325127e-06 -2.078849e-01	2.339517e-06 3.746071e-06 -8.726149e-04
1.55625       	-3.912486e-06 -4.688882e-06 -2.051727e-01	-6.228947e-06 -8.395765e-06 -2.044317e-01	2.316461e-06 3.706884e-06 -7.410304e-04
1.5625        	-4.084143e-06 -4.702702e-06 -2.015312e-01	-6.389693e-06 -8.376018e-06 -2.009202e-01	2.305550e-06 3.673316e-06 -6.109997e-04
1.56875       	-3.843338e-06 -4.563566e-06 -1.978638e-01	-6.147325e-06 -8.200154e-06 -1.973811e-01	2.303987e-06 3.636588e-06 -4.827000e-04
1.575         	-3.867683e-06 -4.520468e-06 -1.941738e-01	-6.145418e-06 -8.107622e-06 -1.938174e-01	2.277734e-06 3.587154e-06 -3.563359e-04
1.58125       	-4.013442e-06 -4.744840e-06 -1.904366e-01	-6.253471e-06 -8.271860e-06 -1.902046e-01	2.240029e-06 3.527021e-06 -2.319348e-04
1.5875        	-3.959359e-06 -4.558609e-06 -1.866964e-01	-6.166549e-06 -8.033703e-06 -1.865867e-01	2.207190e-06 3.475094e-06 -1.096477e-04
1.59375       	-4.017954e-06 -4.719750e-06 -1.828770e-01	-6.192498e-06 -8.143724e-06 -1.828875e-01	2.174543e-06 3.423974e-06 1.046947e-05
1.6           	-4.070098e-06 -4.674376e-06 -1.791756e-01	-6.210171e-06 -8.045485e-06 -1.793041e-01	2.140073e-06 3.371108e-06 1.285225e-04
1.60625       	-3.919614e-06 -4.576895e-06 -1.752908e-01	-6.025815e-06 -7.896517e-06 -1.755354e-01	2.106201e-06 3.319621e-06 2.446528e-04
1.6125        	-4.149815e-06 -4.671489e-06 -1.714394e-01	-6.217554e-06 -7.935089e-06 -1.717981e-01	2.067739e-06 3.263600e-06 3.587557e-04
1.61875       	-3.865046e-06 -4.491610e-06 -1.675833e-01	-5.894972e-06 -7.701846e-06 -1.680541e-01	2.029925e-06 3.210236e-06 4.707579e-04
1.625         	-4.193206e-06 -4.569312e-06 -1.636657e-01	-6.206068e-06 -7.733396e-06 -1.642462e-01	2.012861e-06 3.164084e-06 5.805301e-04
1.63125       	-3.980889e-06 -4.553128e-06 -1.597309e-01	-5.969567e-06 -7.663650e-06 -1.604191e-01	1.988678e-06 3.110522e-06 6.881474e-04
1.6375        	-4.061447e-06 -4.540309e-06 -1.557372e-01	-6.023872e-06 -7.597682e-06 -1.565308e-01	1.962424e-06 3.057373e-06 7.936307e-04
1.64375       	-4.167169e-06 -4.570523e-06 -1.517126e-01	-6.097060e-06 -7.574417e-06 -1.526098e-01	1.929891e-06 3.003894e-06 8.971285e-04
1.65          	-3.991260e-06 -4.383022e-06 -1.477414e-01	-5.890114e-06 -7.337398e-06 -1.487400e-01	1.898855e-06 2.954377e-06 9.986139e-04
1.65625       	-4.106947e-06 -4.478076e-06 -1.437573e-01	-5.976120e-06 -7.383178e-06 -1.448553e-01	1.869174e-06 2.905102e-06 1.098011e-03
1.6625        	-4.085519e-06 -4.390626e-06 -1.396505e-01	-5.923547e-06 -7.246601e-06 -1.408459e-01	1.838028e-06 2.855975e-06 1.195420e-03
1.66875       	-4.019084e-06 -4.455285e-06 -1.354887e-01	-5.826701e-06 -7.259565e-06 -1.367797e-01	1.807616e-06 2.804281e-06 1.290951e-03
1.675         	-4.044163e-06 -4.232587e-06 -1.313530e-01	-5.820938e-06 -6.990638e-06 -1.327375e-01	1.776775e-06 2.758051e-06 1.384478e-03
1.68125       	-3.934426e-06 -4.210917e-06 -1.271815e-01	-5.681743e-06 -6.923493e-06 -1.286575e-01	1.747317e-06 2.712576e-06 1.475907e-03
1.6875        	-4.007779e-06 -4.193710e-06 -1.229738e-01	-5.719158e-06 -6.852682e-06 -1.245392e-01	1.711379e-06 2.658972e-06 1.565375e-03
1.69375       	-3.951904e-06 -4.194054e-06 -1.187342e-01	-5.635264e-06 -6.793635e-06 -1.203871e-01	1.683360e-06 2.599580e-06 1.652954e-03
1.7           	-4.106470e-06 -4.300017e-06 -1.144127e-01	-5.765638e-06 -6.838766e-06 -1.161514e-01	1.659168e-06 2.538749e-06 1.738661e-03
1.70625       	-3.879926e-06 -3.974309e-06 -1.101283e-01	-5.511832e-06 -6.462922e-06 -1.119508e-01	1.631906e-06 2.488613e-06 1.822474e-03
1.7125        	-4.048404e-06 -4.190548e-06 -1.058539e-01	-5.635195e-06 -6.619153e-06 -1.077584e-01	1.586792e-06 2.428605e-06 1.904497e-03
1.71875       	-3.887969e-06 -4.012103e-06 -1.014493e-01	-5.432593e-06 -6.381499e-06 -1.034341e-01	1.544623e-06 2.369396e-06 1.984775e-03
1.725         	-3.952195e-06 -4.135870e-06 -9.704667e-02	-5.457119e-06 -6.446815e-06 -9.910999e-02	1.504925e-06 2.310944e-06 2.063315e-03
1.73125       	-3.739326e-06 -4.073557e-06 -9.264418e-02	-5.208410e-06 -6.332264e-06 -9.478444e-02	1.469084e-06 2.258707e-06 2.140261e-03
1.7375        	-3.952630e-06 -4.080777e-06 -8.820578e-02	-5.383200e-06 -6.290660e-06 -9.042142e-02	1.430569e-06 2.209883e-06 2.215644e-03
1.74375       	-3.859844e-06 -4.024098e-06 -8.367405e-02	-5.249093e-06 -6.186317e-06 -8.596366e-02	1.389249e-06 2.162219e-06 2.289611e-03
1.75          	-3.881009e-06 -4.044613e-06 -7.913579e-02	-5.226785e-06 -6.155450e-06 -8.149804e-02	1.345776e-06 2.110837e-06 2.362259e-03
1.75625       	-3.869700e-06 -3.960280e-06 -7.457809e-02	-5.169505e-06 -6.014493e-06 -7.701168e-02	1.299805e-06 2.054213e-06 2.433587e-03
1.7625        	-3.888646e-06 -3.804737e-06 -6.997074e-02	-5.153985e-06 -5.799924e-06 -7.247429e-02	1.265339e-06 1.995187e-06 2.503550e-03
1.76875       	-3.858852e-06 -3.766138e-06 -6.531953e-02	-5.087282e-06 -5.698154e-06 -6.789172e-02	1.228429e-06 1.932016e-06 2.572193e-03
1.775         	-3.819558e-06 -3.775776e-06 -6.067232e-02	-5.008392e-06 -5.643013e-06 -6.331184e-02	1.188834e-06 1.867237e-06 2.639516e-03
1.78125       	-3.678631e-06 -3.560395e-06 -5.597155e-02	-4.832052e-06 -5.370055e-06 -5.867717e-02	1.153421e-06 1.809660e-06 2.705621e-03
1.7875        	-3.798214e-06 -3.763000e-06 -5.123533e-02	-4.913536e-06 -5.509250e-06 -5.400587e-02	1.115321e-06 1.746250e-06 2.770543e-03
1.79375       	-3.717414e-06 -3.577672e-06 -4.648518e-02	-4.795868e-06 -5.263715e-06 -4.931950e-02	1.078454e-06 1.686043e-06 2.834326e-03
1.8           	-3.720971e-06 -3.669489e-06 -4.167096e-02	-4.761754e-06 -5.293311e-06 -4.456796e-02	1.040783e-06 1.623823e-06 2.897004e-03
1.80625       	-3.720881e-06 -3.555779e-06 -3.683554e-02	-4.722392e-06 -5.118373e-06 -3.979416e-02	1.001511e-06 1.562594e-06 2.958619e-03
1.8125        	-3.644714e-06 -3.500547e-06 -3.200877e-02	-4.609589e-06 -5.004882e-06 -3.502802e-02	9.648750e-07 1.504334e-06 3.019247e-03
1.81875       	-3.603378e-06 -3.518479e-06 -2.710949e-02	-4.533338e-06 -4.963461e-06 -3.018843e-02	9.299603e-07 1.444983e-06 3.078937e-03
1.825         	-3.556081e-06 -3.417620e-06 -2.217179e-02	-4.451636e-06 -4.804752e-06 -2.530957e-02	8.955546e-07 1.387132e-06 3.137788e-03
1.83125       	-3.449037e-06 -3.285782e-06 -1.722562e-02	-4.312331e-06 -4.619048e-06 -2.042145e-02	8.632936e-07 1.333265e-06 3.195826e-03
1.8375        	-3.396754e-06 -3.368749e-06 -1.219299e-02	-4.228322e-06 -4.646453e-06 -1.544617e-02	8.315683e-07 1.277704e-06 3.253181e-03
1.84375       	-3.498360e-06 -3.414811e-06 -7.207772e-03	-4.291177e-06 -4.630816e-06 -1.051766e-02	7.928175e-07 1.216005e-06 3.309889e-03
1.85          	-3.405463e-06 -3.322125e-06 -2.152928e-03	-4.162565e-06 -4.479774e-06 -5.518930e-03	7.571026e-07 1.157648e-06 3.366002e-03
1.85625       	-3.290733e-06 -3.261330e-06 2.928628e-03	-4.017050e-06 -4.365115e-06 -4.929326e-04	7.263173e-07 1.103785e-06 3.421560e-03
1.8625        	-3.293029e-06 -3.258798e-06 8.025989e-03	-3.985179e-06 -4.305139e-06 4.549388e-03	6.921505e-07 1.046341e-06 3.476601e-03
1.86875       	-3.214671e-06 -3.166941e-06 1.311528e-02	-3.870302e-06 -4.154250e-06 9.584124e-03	6.556312e-07 9.873089e-07 3.531158e-03
1.875         	-3.155590e-06 -3.116220e-06 1.830851e-02	-3.777930e-06 -4.046970e-06 1.472317e-02	6.223391e-07 9.307501e-07 3.585342e-03
1.88125       	-3.254971e-06 -3.300407e-06 2.348168e-02	-3.842598e-06 -4.171615e-06 1.984250e-02	5.876271e-07 8.712076e-07 3.639182e-03
1.8875        	-3.080386e-06 -3.123409e-06 2.869769e-02	-3.637101e-06 -3.939830e-06 2.500499e-02	5.567150e-07 8.164211e-07 3.692703e-03
1.89375       	-2.943525e-06 -3.070882e-06 3.391044e-02	-3.474033e-06 -3.836706e-06 3.016454e-02	5.305080e-07 7.658237e-07 3.745904e-03
1.9           	-3.118618e-06 -3.052594e-06 3.921272e-02	-3.616650e-06 -3.766662e-06 3.541379e-02	4.980313e-07 7.140679e-07 3.798928e-03
1.90625       	-2.963642e-06 -3.190991e-06 4.451213e-02	-3.431067e-06 -3.852705e-06 4.066031e-02	4.674257e-07 6.617140e-07 3.851818e-03
1.9125        	-2.807328e-06 -3.011565e-06 4.984104e-02	-3.247087e-06 -3.622626e-06 4.593644e-02	4.397591e-07 6.110610e-07 3.904603e-03
1.91875       	-2.804610e-06 -3.304662e-06 5.515810e-02	-3.212268e-06 -3.859978e-06 5.120083e-02	4.076574e-07 5.553157e-07 3.957269e-03
1.925         	-2.739806e-06 -3.080317e-06 6.054921e-02	-3.118892e-06 -3.587260e-06 5.653926e-02	3.790856e-07 5.069424e-07 4.009951e-03
1.93125       	-2.643637e-06 -2.861936e-06 6.594620e-02	-2.998222e-06 -3.313406e-06 6.188351e-02	3.545848e-07 4.514709e-07 4.062699e-03
1.9375        	-2.684135e-06 -2.952542e-06 7.136192e-02	-3.022602e-06 -3.353106e-06 6.724640e-02	3.384665e-07 4.005643e-07 4.115515e-03
1.94375       	-2.673404e-06 -2.944360e-06 7.680837e-02	-2.991193e-06 -3.296956e-06 7.263994e-02	3.177894e-07 3.525964e-07 4.168430e-03
1.95          	-2.545375e-06 -2.928310e-06 8.228462e-02	-2.840980e-06 -3.232316e-06 7.806312e-02	2.956052e-07 3.040059e-07 4.221504e-03
1.95625       	-2.478254e-06 -2.912189e-06 8.775282e-02	-2.752168e-06 -3.167973e-06 8.347799e-02	2.739136e-07 2.557840e-07 4.274822e-03
1.9625        	-2.437735e-06 -2.919930e-06 9.325232e-02	-2.688726e-06 -3.127765e-06 8.892388e-02	2.509917e-07 2.078350e-07 4.328434e-03
1.96875       	-2.367972e-06 -2.943074e-06 9.877025e-02	-2.596294e-06 -3.103314e-06 9.438789e-02	2.283219e-07 1.602399e-07 4.382358e-03
1.975         	-2.251626e-06 -2.845534e-06 1.042799e-01	-2.458995e-06 -2.961698e-06 9.984334e-02	2.073691e-07 1.161640e-07 4.436555e-03
1.98125       	-2.337842e-06 -3.156617e-06 1.098193e-01	-2.519545e-06 -3.220622e-06 1.053282e-01	1.817026e-07 6.400474e-08 4.491105e-03
1.9875        	-2.223372e-06 -2.879828e-06 1.154033e-01	-2.381209e-06 -2.898226e-06 1.108573e-01	1.578367e-07 1.839800e-08 4.546083e-03
1.99375       	-2.232128e-06 -3.031202e-06 1.210212e-01	-2.365666e-06 -3.005056e-06 1.164197e-01	1.335384e-07 -2.614626e-08 4.601593e-03
2             	-1.950412e-06 -2.896236e-06 1.266346e-01	-2.066212e-06 -2.829715e-06 1.219770e-01	1.157994e-07 -6.652097e-08 4.657564e-03
2.00625       	-1.895403e-06 -2.973302e-06 1.322524e-01	-1.993688e-06 -2.867476e-06 1.275385e-01	9.828511e-08 -1.058266e-07 4.713961e-03
2.0125        	-1.907661e-06 -2.833684e-06 1.378769e-01	-1.988136e-06 -2.688420e-06 1.331060e-01	8.047528e-08 -1.452646e-07 4.770851e-03
2.01875       	-1.804990e-06 -2.959515e-06 1.435534e-01	-1.866990e-06 -2.773425e-06 1.387250e-01	6.200000e-08 -1.860892e-07 4.828374e-03
2.025         	-1.655889e-06 -2.901808e-06 1.491911e-01	-1.700718e-06 -2.675869e-06 1.443047e-01	4.482957e-08 -2.259393e-07 4.886438e-03
2.03125       	-1.590364e-06 -2.799796e-06 1.548746e-01	-1.618595e-06 -2.540468e-06 1.499294e-01	2.823031e-08 -2.593281e-07 4.945129e-03
2.0375        	-1.574855e-06 -3.046894e-06 1.605727e-01	-1.585240e-06 -2.749110e-06 1.555683e-01	1.038485e-08 -2.977841e-07 5.004415e-03
2.04375       	-1.496389e-06 -3.050860e-06 1.662601e-01	-1.489721e-06 -2.713058e-06 1.611958e-01	-6.668243e-09 -3.378014e-07 5.064285e-03
2.05          	-1.302135e-06 -2.948590e-06 1.719785e-01	-1.279820e-06 -2.576964e-06 1.668537e-01	-2.231505e-08 -3.716267e-07 5.124815e-03
2.05625       	-1.283152e-06 -3.022733e-06 1.776994e-01	-1.241177e-06 -2.616173e-06 1.725133e-01	-4.197433e-08 -4.065600e-07 5.186029e-03
2.0625        	-1.079415e-06 -2.919755e-06 1.834242e-01	-1.018365e-06 -2.480604e-06 1.781764e-01	-6.105018e-08 -4.391513e-07 5.247873e-03
2.06875       	-1.167398e-06 -3.013741e-06 1.891308e-01	-1.081180e-06 -2.540305e-06 1.838206e-01	-8.621732e-08 -4.734364e-07 5.310267e-03
2.075         	-8.573930e-07 -2.856132e-06 1.948568e-01	-7.473115e-07 -2.350411e-06 1.894835e-01	-1.100815e-07 -5.057211e-07 5.373309e-03
2.08125       	-8.711941e-07 -2.934566e-06 2.006158e-01	-7.290346e-07 -2.392508e-06 1.951786e-01	-1.421595e-07 -5.420585e-07 5.437202e-03
2.0875        	-8.465966e-07 -3.070536e-06 2.063855e-01	-6.765011e-07 -2.498076e-06 2.008836e-01	-1.700955e-07 -5.724602e-07 5.501893e-03
2.09375       	-1.775866e-06 -4.289388e-06 2.121224e-01	-1.631757e-06 -3.742496e-06 2.065553e-01	-1.441094e-07 -5.468921e-07 5.567064e-03
2.1           	-8.650839e-07 -3.459567e-06 2.178542e-01	-7.345423e-07 -2.916055e-06 2.122216e-01	-1.305416e-07 -5.435114e-07 5.632602e-03
2.10625       	-9.022482e-07 -3.465511e-06 2.236359e-01	-7.670472e-07 -2.899490e-06 2.179371e-01	-1.352010e-07 -5.660206e-07 5.698885e-03
2.1125        	-1.244252e-06 -4.010037e-06 2.294083e-01	-1.122309e-06 -3.441411e-06 2.236423e-01	-1.219437e-07 -5.686259e-07 5.765972e-03
2.11875       	-1.280742e-06 -4.348543e-06 2.351669e-01	-1.200609e-06 -3.800492e-06 2.293334e-01	-8.013331e-08 -5.480508e-07 5.833459e-03
2.125         	-1.716463e-07 -2.797630e-06 2.409294e-01	-9.705482e-08 -2.207519e-06 2.350278e-01	-7.459149e-08 -5.901112e-07 5.901560e-03
2.13125       	7.031801e-08 -2.702358e-06 2.467095e-01	1.602557e-07 -2.051721e-06 2.407389e-01	-8.993767e-08 -6.506371e-07 5.970586e-03
2.1375        	-8.348385e-07 -3.762721e-06 2.525140e-01	-7.472067e-07 -3.084758e-06 2.464735e-01	-8.763175e-08 -6.779626e-07 6.040511e-03
2.14375       	-2.732020e-07 -3.542542e-06 2.582357e-01	-1.826611e-07 -2.836318e-06 2.521251e-01	-9.054090e-08 -7.062246e-07 6.110597e-03
2.15          	-2.279358e-07 -3.551471e-06 2.639865e-01	-1.259931e-07 -2.809848e-06 2.578055e-01	-1.019427e-07 -7.416227e-07 6.181003e-03
2.15625       	-4.054472e-08 -3.502246e-06 2.697872e-01	6.740366e-08 -2.733123e-06 2.635350e-01	-1.079484e-07 -7.691228e-07 6.252138e-03
2.1625        	-5.842738e-08 -3.562006e-06 2.755492e-01	5.393842e-08 -2.771865e-06 2.692255e-01	-1.123658e-07 -7.901410e-07 6.323760e-03
2.16875       	7.755597e-08 -3.533399e-06 2.813208e-01	1.974541e-07 -2.716875e-06 2.749251e-01	-1.198981e-07 -8.165237e-07 6.395690e-03
2.175         	1.134839e-07 -3.510752e-06 2.871105e-01	2.292163e-07 -2.672812e-06 2.806425e-01	-1.157325e-07 -8.379396e-07 6.468041e-03
2.18125       	1.703271e-07 -3.961841e-06 2.929050e-01	2.849917e-07 -3.128726e-06 2.863644e-01	-1.146646e-07 -8.331151e-07 6.540605e-03
2.1875        	3.539646e-07 -3.879677e-06 2.986630e-01	4.674439e-07 -3.059439e-06 2.920498e-01	-1.134793e-07 -8.202379e-07 6.613202e-03
2.19375       	3.451346e-07 -4.000399e-06 3.044260e-01	4.605451e-07 -3.184367e-06 2.977401e-01	-1.154105e-07 -8.160322e-07 6.685874e-03
2.2           	3.960227e-07 -3.932973e-06 3.101812e-01	5.153807e-07 -3.119635e-06 3.034231e-01	-1.193580e-07 -8.133376e-07 6.758162e-03
2.20625       	4.689607e-07 -4.005735e-06 3.159398e-01	5.908389e-07 -3.195019e-06 3.091101e-01	-1.218782e-07 -8.107159e-07 6.829738e-03
2.2125        	5.507502e-07 -4.046233e-06 3.217556e-01	6.714814e-07 -3.238582e-06 3.148560e-01	-1.207312e-07 -8.076509e-07 6.899618e-03
2.21875       	4.792314e-07 -4.123821e-06 3.275635e-01	6.018091e-07 -3.317795e-06 3.205967e-01	-1.225777e-07 -8.060262e-07 6.966830e-03
2.225         	8.164339e-07 -4.234576e-06 3.332883e-01	9.410099e-07 -3.434174e-06 3.262504e-01	-1.245760e-07 -8.004020e-07 7.037952e-03
2.23125       	7.446451e-07 -4.280122e-06 3.390324e-01	8.616563e-07 -3.496612e-06 3.319179e-01	-1.170113e-07 -7.835100e-07 7.114556e-03
2.2375        	8.967115e-07 -4.323040e-06 3.448158e-01	1.010019e-06 -3.556948e-06 3.376244e-01	-1.133077e-07 -7.660911e-07 7.191400e-03
2.24375       	8.593054e-07 -4.273576e-06 3.505521e-01	9.583387e-07 -3.504498e-06 3.432858e-01	-9.903329e-08 -7.690779e-07 7.266261e-03
2.25          	1.176029e-06 -4.267168e-06 3.562817e-01	1.274683e-06 -3.507296e-06 3.489425e-01	-9.865453e-08 -7.598721e-07 7.339207e-03
2.25625       	1.060908e-06 -4.458724e-06 3.621106e-01	1.167655e-06 -3.714999e-06 3.546983e-01	-1.067468e-07 -7.437253e-07 7.412300e-03
2.2625        	1.162949e-06 -4.458884e-06 3.678670e-01	1.272782e-06 -3.730362e-06 3.603816e-01	-1.098332e-07 -7.285223e-07 7.485414e-03
2.26875       	1.265619e-06 -4.626484e-06 3.736832e-01	1.379898e-06 -3.910146e-06 3.661252e-01	-1.142790e-07 -7.163371e-07 7.558035e-03
2.275         	1.284696e-06 -4.478961e-06 3.794387e-01	1.395861e-06 -3.783187e-06 3.718100e-01	-1.111652e-07 -6.957743e-07 7.628718e-03
2.28125       	1.473774e-06 -4.646810e-06 3.852221e-01	1.579652e-06 -3.971527e-06 3.775248e-01	-1.058778e-07 -6.752834e-07 7.697247e-03
2.2875        	1.520030e-06 -4.634273e-06 3.910302e-01	1.615635e-06 -3.979949e-06 3.832661e-01	-9.560447e-08 -6.543237e-07 7.764104e-03
2.29375       	1.339588e-06 -4.841937e-06 3.968127e-01	1.427242e-06 -4.210665e-06 3.889837e-01	-8.765313e-08 -6.312726e-07 7.828963e-03
2.3           	1.742681e-06 -4.718594e-06 4.026402e-01	1.819445e-06 -4.117446e-06 3.947486e-01	-7.676367e-08 -6.011479e-07 7.891627e-03
2.30625       	1.636754e-06 -4.859636e-06 4.084641e-01	1.706728e-06 -4.287583e-06 4.005122e-01	-6.997356e-08 -5.720530e-07 7.951866e-03
2.3125        	1.808424e-06 -4.837033e-06 4.142826e-01	1.873099e-06 -4.294383e-06 4.062732e-01	-6.467492e-08 -5.426501e-07 8.009349e-03
2.31875       	1.901816e-06 -4.973640e-06 4.201241e-01	1.959584e-06 -4.461859e-06 4.120602e-01	-5.776796e-08 -5.117810e-07 8.063875e-03
2.325         	1.910519e-06 -4.832700e-06 4.259801e-01	1.961449e-06 -4.358796e-06 4.178650e-01	-5.093043e-08 -4.739041e-07 8.115195e-03
2.33125       	1.949701e-06 -5.049274e-06 4.318640e-01	1.995589e-06 -4.612772e-06 4.237009e-01	-4.588766e-08 -4.365014e-07 8.163091e-03
2.3375        	2.258654e-06 -4.981046e-06 4.377268e-01	2.295781e-06 -4.585203e-06 4.295196e-01	-3.712616e-08 -3.958434e-07 8.207205e-03
2.34375       	2.223222e-06 -5.027466e-06 4.436184e-01	2.254424e-06 -4.673168e-06 4.353712e-01	-3.120154e-08 -3.542981e-07 8.247152e-03
2.35          	2.291448e-06 -5.074880e-06 4.495622e-01	2.319733e-06 -4.762188e-06 4.412796e-01	-2.828508e-08 -3.126915e-07 8.282639e-03
2.35625       	2.391369e-06 -5.141431e-06 4.555304e-01	2.414069e-06 -4.873596e-06 4.472169e-01	-2.270054e-08 -2.678348e-07 8.313502e-03
2.3625        	2.519631e-06 -5.175004e-06 4.614897e-01	2.534890e-06 -4.956566e-06 4.531504e-01	-1.525871e-08 -2.184374e-07 8.339328e-03
2.36875       	2.594661e-06 -5.388888e-06 4.674821e-01	2.603964e-06 -5.219009e-06 4.591224e-01	-9.302257e-09 -1.698789e-07 8.359780e-03
2.375         	2.753451e-06 -5.221499e-06 4.735424e-01	2.757090e-06 -5.108530e-06 4.651678e-01	-3.638987e-09 -1.129692e-07 8.374655e-03
2.38125       	2.783235e-06 -5.357181e-06 4.795318e-01	2.785700e-06 -5.303611e-06 4.711484e-01	-2.464617e-09 -5.356987e-08 8.383386e-03
2.3875        	2.929281e-06 -5.486674e-06 4.856308e-01	2.933730e-06 -5.492856e-06 4.772452e-01	-4.449618e-09 6.181741e-09 8.385597e-03
2.39375       	3.075827e-06 -5.556563e-06 4.917712e-01	3.086630e-06 -5.626917e-06 4.833902e-01	-1.080348e-08 7.035408e-08 8.381016e-03
2.4           	3.425030e-06 -5.464893e-06 4.980510e-01	3.443730e-06 -5.609387e-06 4.896819e-01	-1.869999e-08 1.444940e-07 8.369134e-03
2.40625       	3.294607e-06 -5.330367e-06 5.044547e-01	3.324392e-06 -5.540608e-06 4.961052e-01	-2.978488e-08 2.102410e-07 8.349536e-03
2.4125        	3.139672e-06 -5.769573e-06 5.107052e-01	3.157700e-06 -6.054715e-06 5.023835e-01	-1.802796e-08 2.851413e-07 8.321764e-03
2.41875       	3.307457e-06 -5.791329e-06 5.169843e-01	3.310470e-06 -6.156615e-06 5.086991e-01	-3.013111e-09 3.652861e-07 8.285273e-03
2.425         	3.494246e-06 -5.713622e-06 5.234328e-01	3.489890e-06 -6.163020e-06 5.151929e-01	4.356160e-09 4.493986e-07 8.239919e-03
2.43125       	3.560569e-06 -5.879013e-06 5.298056e-01	3.550235e-06 -6.416594e-06 5.216203e-01	1.033327e-08 5.375810e-07 8.185303e-03
2.4375        	3.712487e-06 -5.805547e-06 5.363757e-01	3.695211e-06 -6.438625e-06 5.282547e-01	1.727522e-08 6.330771e-07 8.120970e-03
2.44375       	3.780879e-06 -6.021602e-06 5.429144e-01	3.758694e-06 -6.751818e-06 5.348681e-01	2.218508e-08 7.302160e-07 8.046391e-03
2.45          	3.892840e-06 -6.045923e-06 5.495601e-01	3.866260e-06 -6.877206e-06 5.415989e-01	2.657940e-08 8.312833e-07 7.961290e-03
2.45625       	4.001074e-06 -6.059053e-06 5.562459e-01	3.969123e-06 -6.998798e-06 5.483805e-01	3.195119e-08 9.397445e-07 7.865333e-03
2.4625        	4.165388e-06 -6.141529e-06 5.630126e-01	4.126828e-06 -7.194827e-06 5.552545e-01	3.855979e-08 1.053298e-06 7.758148e-03
2.46875       	4.225470e-06 -6.228692e-06 5.698574e-01	4.180863e-06 -7.400728e-06 5.622179e-01	4.460772e-08 1.172036e-06 7.639524e-03
2.475         	4.326217e-06 -6.337484e-06 5.767759e-01	4.275262e-06 -7.633162e-06 5.692665e-01	5.095559e-08 1.295678e-06 7.509331e-03
2.48125       	4.401215e-06 -6.391754e-06 5.837385e-01	4.345600e-06 -7.812262e-06 5.763713e-01	5.561544e-08 1.420508e-06 7.367230e-03
2.4875        	4.527251e-06 -6.518748e-06 5.908140e-01	4.465717e-06 -8.069643e-06 5.836009e-01	6.153393e-08 1.550895e-06 7.213131e-03
2.49375       	4.708788e-06 -6.414197e-06 5.979639e-01	4.637312e-06 -8.109396e-06 5.909170e-01	7.147596e-08 1.695199e-06 7.046957e-03
2.5           	4.770424e-06 -6.411755e-06 6.051885e-01	4.683957e-06 -8.266720e-06 5.983197e-01	8.646657e-08 1.854966e-06 6.868740e-03
2.50625       	4.944013e-06 -6.598525e-06 6.124793e-01	4.833280e-06 -8.619331e-06 6.058008e-01	1.107325e-07 2.020806e-06 6.678550e-03
2.5125        	5.077010e-06 -6.581338e-06 6.198234e-01	4.928317e-06 -8.774794e-06 6.133468e-01	1.486931e-07 2.193455e-06 6.476615e-03
2.51875       	5.265867e-06 -6.301918e-06 6.273146e-01	5.073099e-06 -8.675639e-06 6.210516e-01	1.927682e-07 2.373722e-06 6.262994e-03
2.525         	5.516094e-06 -6.608898e-06 6.348953e-01	5.276897e-06 -9.165607e-06 6.288573e-01	2.391969e-07 2.556709e-06 6.038056e-03
2.53125       	5.652920e-06 -6.407621e-06 6.425083e-01	5.363780e-06 -9.156534e-06 6.367059e-01	2.891407e-07 2.748913e-06 5.802441e-03
2.5375        	5.777192e-06 -6.503075e-06 6.502588e-01	5.429306e-06 -9.447718e-06 6.447023e-01	3.478859e-07 2.944643e-06 5.556537e-03
2.54375       	5.904431e-06 -6.248528e-06 6.580094e-01	5.492190e-06 -9.400626e-06 6.527085e-01	4.122413e-07 3.152098e-06 5.300870e-03
2.55          	5.742121e-06 -6.460149e-06 6.659234e-01	5.252687e-06 -9.842493e-06 6.608873e-01	4.894335e-07 3.382344e-06 5.036045e-03
2.55625       	4.580941e-06 -7.702630e-06 6.738802e-01	3.939168e-06 -1.140286e-05 6.691173e-01	6.417734e-07 3.700231e-06 4.762936e-03
2.5625        	3.965526e-06 -8.469977e-06 6.819162e-01	3.110882e-06 -1.255439e-05 6.774338e-01	8.546432e-07 4.084412e-06 4.482452e-03
2.56875       	3.507295e-06 -8.732404e-06 6.900335e-01	2.410551e-06 -1.324227e-05 6.858380e-01	1.096745e-06 4.509863e-06 4.195509e-03
2.575         	3.476220e-06 -8.962933e-06 6.982220e-01	2.116819e-06 -1.391833e-05 6.943188e-01	1.359401e-06 4.955400e-06 3.903177e-03
2.58125       	4.162990e-06 -8.092528e-06 7.064559e-01	2.573734e-06 -1.345962e-05 7.028494e-01	1.589256e-06 5.367092e-06 3.606417e-03
2.5875        	3.979728e-06 -7.800156e-06 7.147731e-01	2.178925e-06 -1.354093e-05 7.114669e-01	1.800803e-06 5.740777e-06 3.306283e-03
2.59375       	3.952819e-06 -7.561452e-06 7.231313e-01	1.939707e-06 -1.366781e-05 7.201272e-01	2.013112e-06 6.106360e-06 3.004081e-03
2.6           	3.781273e-06 -7.462370e-06 7.315462e-01	1.537990e-06 -1.393340e-05 7.288452e-01	2.243283e-06 6.471035e-06 2.701000e-03
2.60625       	3.679446e-06 -7.101965e-06 7.399865e-01	1.201481e-06 -1.394740e-05 7.375878e-01	2.477965e-06 6.845432e-06 2.398651e-03
2.6125        	3.530524e-06 -6.830464e-06 7.484683e-01	7.964245e-07 -1.405847e-05 7.463695e-01	2.734099e-06 7.228006e-06 2.098831e-03
2.61875       	3.303853e-06 -6.417270e-06 7.569860e-01	3.050480e-07 -1.403530e-05 7.551826e-01	2.998805e-06 7.618027e-06 1.803389e-03
2.625         	3.313013e-06 -5.792004e-06 7.655116e-01	1.156726e-07 -1.375818e-05 7.639975e-01	3.197340e-06 7.966171e-06 1.514090e-03
2.63125       	2.936034e-06 -5.622331e-06 7.740438e-01	-4.273937e-07 -1.396358e-05 7.728111e-01	3.363427e-06 8.341253e-06 1.232693e-03
2.6375        	2.281667e-06 -4.992171e-06 7.826218e-01	-1.292655e-06 -1.373576e-05 7.816599e-01	3.574322e-06 8.743593e-06 9.618868e-04
2.64375       	1.706305e-06 -4.431113e-06 7.911511e-01	-2.078170e-06 -1.356675e-05 7.904477e-01	3.784475e-06 9.135636e-06 7.034400e-04
2.65          	5.173389e-07 -4.814654e-06 7.997513e-01	-3.510314e-06 -1.434362e-05 7.992920e-01	4.027653e-06 9.528965e-06 4.593727e-04
2.65625       	1.981193e-06 -1.566392e-06 8.083154e-01	-2.273290e-06 -1.140248e-05 8.080833e-01	4.254483e-06 9.836086e-06 2.321514e-04
2.6625        	-6.298061e-07 -4.453054e-06 8.168880e-01	-5.158949e-06 -1.468971e-05 8.168629e-01	4.529143e-06 1.023666e-05 2.510511e-05
2.66875       	-4.451891e-07 -2.495262e-06 8.254126e-01	-5.289383e-06 -1.318869e-05 8.255725e-01	4.844194e-06 1.069343e-05 -1.598721e-04
2.675         	-8.902013e-07 -1.876598e-06 8.339937e-01	-6.059339e-06 -1.300698e-05 8.343150e-01	5.169138e-06 1.113038e-05 -3.212646e-04
2.68125       	-1.071673e-06 -3.684772e-07 8.425750e-01	-6.547968e-06 -1.189341e-05 8.430326e-01	5.476296e-06 1.152493e-05 -4.575830e-04
2.6875        	-1.502516e-06 8.875833e-07 8.511430e-01	-7.295017e-06 -1.099972e-05 8.517106e-01	5.792501e-06 1.188731e-05 -5.676380e-04
2.69375       	-2.347922e-06 1.119482e-06 8.598159e-01	-8.491616e-06 -1.115423e-05 8.604649e-01	6.143695e-06 1.227371e-05 -6.489260e-04
2.7           	-2.816677e-06 1.332336e-06 8.683217e-01	-9.319960e-06 -1.135301e-05 8.690202e-01	6.503282e-06 1.268535e-05 -6.984733e-04
2.70625       	-2.987535e-06 3.075312e-06 8.767806e-01	-9.874440e-06 -1.003823e-05 8.774951e-01	6.886905e-06 1.311354e-05 -7.145715e-04
2.7125        	-3.523903e-06 3.777469e-06 8.856253e-01	-1.077192e-05 -9.784080e-06 8.863259e-01	7.248012e-06 1.356155e-05 -7.006000e-04
2.71875       	-3.383876e-06 7.250027e-06 8.941934e-01	-1.086066e-05 -6.546677e-06 8.948474e-01	7.476785e-06 1.379670e-05 -6.540276e-04
2.725         	-3.419788e-06 7.187147e-06 9.029031e-01	-1.113705e-05 -6.799123e-06 9.034713e-01	7.717264e-06 1.398627e-05 -5.681682e-04
2.73125       	-2.593679e-06 1.106732e-05 9.113693e-01	-1.050475e-05 -3.070014e-06 9.118152e-01	7.911069e-06 1.413733e-05 -4.459113e-04
2.7375        	-1.204201e-06 1.261442e-05 9.201357e-01	-9.178647e-06 -1.639349e-06 9.204286e-01	7.974446e-06 1.425377e-05 -2.928977e-04
2.74375       	-1.089369e-06 1.399494e-05 9.287872e-01	-9.047269e-06 -3.793267e-07 9.289000e-01	7.957901e-06 1.437427e-05 -1.127794e-04
2.75          	-5.164145e-08 1.621224e-05 9.375270e-01	-8.003068e-06 1.735071e-06 9.374301e-01	7.951427e-06 1.447717e-05 9.693992e-05
2.75625       	-1.693741e-06 1.578363e-05 9.461437e-01	-9.679244e-06 1.149246e-06 9.458085e-01	7.985503e-06 1.463439e-05 3.352512e-04
2.7625        	-2.971838e-06 1.506886e-05 9.547766e-01	-1.104115e-05 1.705167e-07 9.541783e-01	8.069307e-06 1.489835e-05 5.983003e-04
2.76875       	-2.972322e-06 1.663933e-05 9.633846e-01	-1.115897e-05 1.454754e-06 9.625039e-01	8.186653e-06 1.518458e-05 8.806535e-04
2.775         	-3.809414e-06 1.646020e-05 9.719057e-01	-1.211581e-05 9.901781e-07 9.707288e-01	8.306397e-06 1.547002e-05 1.176903e-03
2.78125       	-4.378707e-06 1.707990e-05 9.802645e-01	-1.279375e-05 1.320491e-06 9.787825e-01	8.415043e-06 1.575941e-05 1.481959e-03
2.7875        	-4.725643e-06 1.762911e-05 9.885828e-01	-1.324247e-05 1.590137e-06 9.867914e-01	8.516828e-06 1.603897e-05 1.791370e-03
2.79375       	-5.255172e-06 1.785847e-05 9.966496e-01	-1.386020e-05 1.561952e-06 9.945502e-01	8.605026e-06 1.629652e-05 2.099382e-03
2.8           	-5.355901e-06 1.805017e-05 1.004487e+00	-1.403834e-05 1.517755e-06 1.002086e+00	8.682436e-06 1.653242e-05 2.400157e-03
2.80625       	-5.697702e-06 1.840888e-05 1.012119e+00	-1.444433e-05 1.652951e-06 1.009429e+00	8.746633e-06 1.675593e-05 2.689385e-03
2.8125        	-6.492290e-06 1.823090e-05 1.019506e+00	-1.527765e-05 1.280168e-06 1.016542e+00	8.785362e-06 1.695073e-05 2.963636e-03
2.81875       	-6.401646e-06 1.844408e-05 1.026446e+00	-1.522649e-05 1.316926e-06 1.023228e+00	8.824844e-06 1.712716e-05 3.217866e-03
2.825         	-6.508221e-06 1.871022e-05 1.033187e+00	-1.537647e-05 1.426241e-06 1.029738e+00	8.868246e-06 1.728398e-05 3.449572e-03
2.83125       	-6.558767e-06 1.874457e-05 1.039454e+00	-1.545463e-05 1.321880e-06 1.035797e+00	8.895866e-06 1.742269e-05 3.656640e-03
2.8375        	-6.535585e-06 1.840190e-05 1.045427e+00	-1.545794e-05 8.724374e-07 1.041589e+00	8.922359e-06 1.752946e-05 3.837569e-03
2.84375       	-7.194374e-06 1.780164e-05 1.051086e+00	-1.611217e-05 2.109731e-07 1.047094e+00	8.917794e-06 1.759067e-05 3.992241e-03
2.85          	-8.776816e-06 1.640760e-05 1.056240e+00	-1.765666e-05 -1.211186e-06 1.052120e+00	8.879847e-06 1.761879e-05 4.119618e-03
2.85625       	-9.051398e-06 1.649594e-05 1.060970e+00	-1.795559e-05 -1.142878e-06 1.056753e+00	8.904195e-06 1.763882e-05 4.217294e-03
2.8625        	-8.619412e-06 1.593582e-05 1.065356e+00	-1.759918e-05 -1.677122e-06 1.061070e+00	8.979771e-06 1.761295e-05 4.286073e-03
2.86875       	-8.613641e-06 1.541664e-05 1.069475e+00	-1.763334e-05 -2.122249e-06 1.065149e+00	9.019697e-06 1.753889e-05 4.326180e-03
2.875         	-9.881122e-06 1.406288e-05 1.073355e+00	-1.896080e-05 -3.488907e-06 1.069013e+00	9.079675e-06 1.755179e-05 4.342233e-03
2.88125       	-1.029657e-05 1.300961e-05 1.076886e+00	-1.948098e-05 -4.604911e-06 1.072544e+00	9.184410e-06 1.761452e-05 4.342527e-03
2.8875        	-1.032245e-05 1.214384e-05 1.080105e+00	-1.965470e-05 -5.562873e-06 1.075772e+00	9.332251e-06 1.770671e-05 4.333351e-03
2.89375       	-1.037920e-05 1.182314e-05 1.083075e+00	-1.976740e-05 -5.831953e-06 1.078765e+00	9.388204e-06 1.765509e-05 4.309669e-03
2.9           	-1.085311e-05 1.092562e-05 1.085956e+00	-2.033941e-05 -6.710392e-06 1.081686e+00	9.486295e-06 1.763601e-05 4.270556e-03
2.90625       	-1.136253e-05 9.626073e-06 1.088704e+00	-2.097370e-05 -8.007324e-06 1.084484e+00	9.611168e-06 1.763340e-05 4.219851e-03
2.9125        	-1.113248e-05 9.543693e-06 1.091327e+00	-2.087059e-05 -8.086099e-06 1.087167e+00	9.738115e-06 1.762979e-05 4.159986e-03
2.91875       	-1.182933e-05 7.733236e-06 1.093956e+00	-2.168787e-05 -9.897089e-06 1.089863e+00	9.858541e-06 1.763032e-05 4.093005e-03
2.925         	-1.218652e-05 7.219762e-06 1.096522e+00	-2.217357e-05 -1.041310e-05 1.092502e+00	9.987050e-06 1.763286e-05 4.019454e-03
2.93125       	-1.278926e-05 6.182817e-06 1.098963e+00	-2.290969e-05 -1.145502e-05 1.095019e+00	1.012043e-05 1.763784e-05 3.943522e-03
2.9375        	-1.310134e-05 5.010131e-06 1.101573e+00	-2.334739e-05 -1.262191e-05 1.097708e+00	1.024605e-05 1.763204e-05 3.865565e-03
2.94375       	-1.338653e-05 4.401393e-06 1.104282e+00	-2.375386e-05 -1.322158e-05 1.100498e+00	1.036733e-05 1.762298e-05 3.783963e-03
2.95          	-1.381713e-05 3.594826e-06 1.107064e+00	-2.431060e-05 -1.402716e-05 1.103365e+00	1.049347e-05 1.762199e-05 3.698787e-03
2.95625       	-1.409960e-05 2.534564e-06 1.109944e+00	-2.471882e-05 -1.508454e-05 1.106334e+00	1.061922e-05 1.761911e-05 3.609853e-03
2.9625        	-1.456334e-05 1.506391e-06 1.112996e+00	-2.529876e-05 -1.610210e-05 1.109479e+00	1.073542e-05 1.760849e-05 3.516921e-03
2.96875       	-1.473114e-05 7.255722e-07 1.116203e+00	-2.558880e-05 -1.688293e-05 1.112783e+00	1.085766e-05 1.760850e-05 3.420139e-03
2.975         	-1.496823e-05 4.040932e-07 1.119548e+00	-2.592745e-05 -1.719011e-05 1.116230e+00	1.095921e-05 1.759421e-05 3.318807e-03
2.98125       	-1.565023e-05 -8.793800e-07 1.123244e+00	-2.670847e-05 -1.846307e-05 1.120031e+00	1.105825e-05 1.758369e-05 3.212804e-03
2.9875        	-1.590123e-05 -1.427508e-06 1.126869e+00	-2.706797e-05 -1.901425e-05 1.123768e+00	1.116674e-05 1.758674e-05 3.101333e-03
2.99375       	-1.623416e-05 -2.230777e-06 1.130860e+00	-2.751135e-05 -1.982347e-05 1.127876e+00	1.127719e-05 1.759270e-05 2.984246e-03
3             	-1.621339e-05 -2.698977e-06 1.135067e+00	-2.760487e-05 -2.030264e-05 1.132205e+00	1.139148e-05 1.760366e-05 2.861689e-03
3.00625       	-1.679026e-05 -3.660479e-06 1.139332e+00	-2.829444e-05 -2.127271e-05 1.136598e+00	1.150418e-05 1.761223e-05 2.733304e-03
3.0125        	-1.729635e-05 -4.201500e-06 1.143995e+00	-2.891433e-05 -2.182804e-05 1.141397e+00	1.161798e-05 1.762654e-05 2.598176e-03
3.01875       	-1.772211e-05 -4.760274e-06 1.148902e+00	-2.945500e-05 -2.241819e-05 1.146447e+00	1.173289e-05 1.765792e-05 2.454856e-03
3.025         	-1.835480e-05 -5.242287e-06 1.153954e+00	-3.021763e-05 -2.292905e-05 1.151651e+00	1.186284e-05 1.768676e-05 2.302849e-03
3.03125       	-1.863965e-05 -5.982202e-06 1.159367e+00	-3.063092e-05 -2.369254e-05 1.157223e+00	1.199127e-05 1.771034e-05 2.143696e-03
3.0375        	-1.929567e-05 -6.824522e-06 1.164901e+00	-3.139333e-05 -2.456024e-05 1.162922e+00	1.209765e-05 1.773572e-05 1.979218e-03
3.04375       	-1.948922e-05 -6.907434e-06 1.170655e+00	-3.170858e-05 -2.467010e-05 1.168846e+00	1.221936e-05 1.776267e-05 1.808474e-03
3.05          	-2.020194e-05 -7.746793e-06 1.176721e+00	-3.257483e-05 -2.556071e-05 1.175089e+00	1.237290e-05 1.781392e-05 1.631882e-03
3.05625       	-2.061237e-05 -8.255760e-06 1.183013e+00	-3.313850e-05 -2.614006e-05 1.181563e+00	1.252613e-05 1.788430e-05 1.450270e-03
3.0625        	-2.122994e-05 -8.722822e-06 1.189615e+00	-3.390431e-05 -2.666870e-05 1.188352e+00	1.267437e-05 1.794588e-05 1.263415e-03
3.06875       	-2.208292e-05 -9.594204e-06 1.196635e+00	-3.488568e-05 -2.758393e-05 1.195564e+00	1.280276e-05 1.798973e-05 1.071471e-03
3.075         	-2.275364e-05 -1.019585e-05 1.203627e+00	-3.569005e-05 -2.825454e-05 1.202752e+00	1.293641e-05 1.805870e-05 8.745531e-04
3.08125       	-2.357245e-05 -1.066256e-05 1.210857e+00	-3.665328e-05 -2.879198e-05 1.210185e+00	1.308083e-05 1.812941e-05 6.721815e-04
3.0875        	-2.395623e-05 -1.125897e-05 1.218329e+00	-3.718432e-05 -2.945875e-05 1.217865e+00	1.322809e-05 1.819977e-05 4.646968e-04
3.09375       	-2.526577e-05 -1.219820e-05 1.226109e+00	-3.862075e-05 -3.045972e-05 1.225855e+00	1.335498e-05 1.826152e-05 2.534738e-04
3.1           	-2.558484e-05 -1.238697e-05 1.234193e+00	-3.906308e-05 -3.071296e-05 1.234154e+00	1.347825e-05 1.832599e-05 3.933530e-05
3.10625       	-2.657802e-05 -1.311757e-05 1.242391e+00	-4.016845e-05 -3.150693e-05 1.242569e+00	1.359043e-05 1.838936e-05 -1.772383e-04
3.1125        	-2.728744e-05 -1.361283e-05 1.251247e+00	-4.098981e-05 -3.206806e-05 1.251643e+00	1.370237e-05 1.845523e-05 -3.958324e-04
3.11875       	-2.836640e-05 -1.437891e-05 1.260208e+00	-4.217331e-05 -3.289179e-05 1.260824e+00	1.380691e-05 1.851288e-05 -6.158512e-04
3.125         	-2.913152e-05 -1.521402e-05 1.269073e+00	-4.306595e-05 -3.380574e-05 1.269911e+00	1.393443e-05 1.859171e-05 -8.370845e-04
