# Moment      
# CofR        : (0.000000e+00 0.000000e+00 0.000000e+00)
#
# Time        	(total_x total_y total_z)	(pressure_x pressure_y pressure_z)	(viscous_x viscous_y viscous_z)
0.00625       	(-4.627626e-05 6.152460e-05 -3.812728e-08)	(-3.869960e-05 7.159621e-05 3.422936e-09)	(-7.576654e-06 -1.007161e-05 -4.155021e-08)
0.0125        	(-5.113400e-05 -3.962704e-05 -3.690026e-08)	(-4.202766e-05 -2.192799e-05 2.247826e-09)	(-9.106347e-06 -1.769905e-05 -3.914809e-08)
0.01875       	(-1.325111e-05 -3.405707e-05 -1.767205e-08)	(-1.069537e-05 -1.337706e-05 1.142987e-09)	(-2.555735e-06 -2.068002e-05 -1.881504e-08)
0.025         	(-7.893138e-06 -4.319851e-05 -7.925699e-09)	(-1.063581e-05 -2.298303e-05 6.747284e-10)	(2.742669e-06 -2.021547e-05 -8.600427e-09)
0.03125       	(-2.048962e-05 -9.862920e-06 -2.594532e-09)	(-2.517274e-05 8.512095e-06 6.006548e-10)	(4.683121e-06 -1.837501e-05 -3.195187e-09)
0.0375        	(-4.759661e-06 -2.416035e-05 8.875014e-10)	(-1.048250e-05 -7.205012e-06 6.236322e-10)	(5.722844e-06 -1.695534e-05 2.638692e-10)
0.04375       	(-6.945697e-06 -1.784135e-05 1.450491e-09)	(-1.303255e-05 -2.215630e-06 5.578975e-10)	(6.086853e-06 -1.562572e-05 8.925934e-10)
0.05          	(-7.432450e-06 -1.479289e-05 1.792035e-09)	(-1.345455e-05 -4.792028e-07 5.246436e-10)	(6.022096e-06 -1.431369e-05 1.267391e-09)
0.05625       	(-6.386737e-06 -1.408491e-05 2.614135e-09)	(-1.225986e-05 -8.833489e-07 5.038019e-10)	(5.873127e-06 -1.320157e-05 2.110333e-09)
0.0625        	(-5.263465e-06 -1.222825e-05 3.942116e-09)	(-1.093097e-05 8.731931e-09 4.766105e-10)	(5.667509e-06 -1.223698e-05 3.465505e-09)
0.06875       	(-3.643417e-06 -1.126850e-05 3.755841e-09)	(-8.978812e-06 7.891123e-08 4.451104e-10)	(5.335394e-06 -1.134741e-05 3.310730e-09)
0.075         	(-6.310045e-06 -9.990312e-06 4.546109e-09)	(-1.142198e-05 5.955973e-07 4.159313e-10)	(5.111937e-06 -1.058591e-05 4.130178e-09)
0.08125       	(-4.576858e-06 -9.206664e-06 5.714097e-09)	(-9.597461e-06 7.254960e-07 4.029710e-10)	(5.020603e-06 -9.932160e-06 5.311126e-09)
0.0875        	(-3.845297e-06 -9.229578e-06 6.312145e-09)	(-8.751637e-06 9.358801e-08 3.694539e-10)	(4.906340e-06 -9.323166e-06 5.942691e-09)
0.09375       	(-2.620379e-06 -9.006293e-06 6.803351e-09)	(-7.385254e-06 -2.486217e-07 3.381462e-10)	(4.764875e-06 -8.757672e-06 6.465204e-09)
0.1           	(-1.897627e-06 -8.879126e-06 7.423703e-09)	(-6.519446e-06 -6.401010e-07 3.143025e-10)	(4.621819e-06 -8.239025e-06 7.109400e-09)
0.10625       	(-9.846275e-08 -9.266632e-06 7.344815e-09)	(-4.573608e-06 -1.508364e-06 2.878010e-10)	(4.475145e-06 -7.758268e-06 7.057014e-09)
0.1125        	(8.238779e-07 -9.279852e-06 6.992244e-09)	(-3.491811e-06 -1.982349e-06 2.653172e-10)	(4.315689e-06 -7.297504e-06 6.726927e-09)
0.11875       	(1.413212e-06 -9.322546e-06 7.239386e-09)	(-2.746870e-06 -2.458811e-06 2.413755e-10)	(4.160082e-06 -6.863735e-06 6.998011e-09)
0.125         	(2.377197e-06 -9.332485e-06 7.543170e-09)	(-1.626751e-06 -2.885419e-06 2.170683e-10)	(4.003949e-06 -6.447066e-06 7.326102e-09)
0.13125       	(2.552849e-06 -9.139861e-06 7.357375e-09)	(-1.297832e-06 -3.067946e-06 1.954327e-10)	(3.850681e-06 -6.071915e-06 7.161942e-09)
0.1375        	(4.296725e-06 -9.637098e-06 7.483529e-09)	(6.147302e-07 -3.932936e-06 1.753616e-10)	(3.681995e-06 -5.704162e-06 7.308167e-09)
0.14375       	(4.624127e-06 -1.040652e-05 7.301720e-09)	(1.110441e-06 -5.076553e-06 1.577392e-10)	(3.513686e-06 -5.329972e-06 7.143981e-09)
0.15          	(5.046748e-06 -9.405655e-06 7.060271e-09)	(1.690672e-06 -4.406525e-06 1.282114e-10)	(3.356076e-06 -4.999130e-06 6.932060e-09)
0.15625       	(5.322045e-06 -9.897642e-06 6.802696e-09)	(2.124844e-06 -5.226010e-06 1.257396e-10)	(3.197201e-06 -4.671632e-06 6.676957e-09)
0.1625        	(5.452627e-06 -9.864693e-06 6.594388e-09)	(2.429400e-06 -5.494656e-06 1.105725e-10)	(3.023227e-06 -4.370037e-06 6.483815e-09)
0.16875       	(6.318367e-06 -9.924267e-06 6.307579e-09)	(3.463917e-06 -5.837953e-06 8.056185e-11)	(2.854450e-06 -4.086314e-06 6.227017e-09)
0.175         	(6.133122e-06 -8.599502e-06 6.302541e-09)	(3.451879e-06 -4.806833e-06 8.786814e-11)	(2.681243e-06 -3.792669e-06 6.214673e-09)
0.18125       	(5.946771e-06 -9.623891e-06 5.972078e-09)	(3.430185e-06 -6.095453e-06 6.452883e-11)	(2.516587e-06 -3.528437e-06 5.907549e-09)
0.1875        	(6.426102e-06 -9.135538e-06 5.542763e-09)	(4.031670e-06 -5.831541e-06 5.173452e-11)	(2.394432e-06 -3.303997e-06 5.491028e-09)
0.19375       	(4.980664e-06 -8.591281e-06 5.132170e-09)	(2.762017e-06 -5.524739e-06 5.559252e-11)	(2.218647e-06 -3.066542e-06 5.076578e-09)
0.2           	(5.678975e-06 -8.440351e-06 4.710439e-09)	(3.603599e-06 -5.590109e-06 4.036419e-11)	(2.075376e-06 -2.850242e-06 4.670075e-09)
0.20625       	(4.920598e-06 -8.008497e-06 4.362104e-09)	(2.963485e-06 -5.354742e-06 3.265162e-11)	(1.957113e-06 -2.653754e-06 4.329452e-09)
0.2125        	(5.225319e-06 -8.208278e-06 3.956106e-09)	(3.385916e-06 -5.740038e-06 2.129261e-11)	(1.839403e-06 -2.468240e-06 3.934813e-09)
0.21875       	(4.913530e-06 -7.666326e-06 3.641526e-09)	(3.194863e-06 -5.379962e-06 1.184958e-11)	(1.718667e-06 -2.286364e-06 3.629677e-09)
0.225         	(4.171366e-06 -7.427084e-06 3.304825e-09)	(2.565413e-06 -5.313721e-06 -6.012363e-13)	(1.605952e-06 -2.113363e-06 3.305426e-09)
0.23125       	(4.671401e-06 -7.264867e-06 2.928355e-09)	(3.166578e-06 -5.317272e-06 -7.238429e-12)	(1.504823e-06 -1.947595e-06 2.935594e-09)
0.2375        	(3.747902e-06 -6.637430e-06 2.455251e-09)	(2.351308e-06 -4.840958e-06 -1.603465e-11)	(1.396594e-06 -1.796472e-06 2.471285e-09)
0.24375       	(2.926836e-06 -6.382613e-06 1.968839e-09)	(1.638781e-06 -4.723636e-06 -2.128976e-11)	(1.288054e-06 -1.658978e-06 1.990129e-09)
0.25          	(3.427326e-06 -6.443644e-06 1.466773e-09)	(2.239251e-06 -4.908589e-06 -2.659084e-11)	(1.188075e-06 -1.535054e-06 1.493364e-09)
0.25625       	(2.552394e-06 -5.854079e-06 1.080080e-09)	(1.453214e-06 -4.430409e-06 -3.571225e-11)	(1.099180e-06 -1.423670e-06 1.115792e-09)
0.2625        	(2.143877e-06 -5.488903e-06 7.521186e-10)	(1.131495e-06 -4.174005e-06 -3.612601e-11)	(1.012382e-06 -1.314897e-06 7.882446e-10)
0.26875       	(1.803402e-06 -5.205828e-06 5.281513e-10)	(8.736978e-07 -3.993031e-06 -4.454546e-11)	(9.297037e-07 -1.212797e-06 5.726968e-10)
0.275         	(1.479625e-06 -4.900631e-06 3.153305e-10)	(6.286267e-07 -3.779604e-06 -4.817929e-11)	(8.509984e-07 -1.121027e-06 3.635097e-10)
0.28125       	(1.257129e-06 -4.316295e-06 -1.090071e-10)	(4.846796e-07 -3.278705e-06 -5.266928e-11)	(7.724492e-07 -1.037590e-06 -5.633778e-11)
0.2875        	(1.047602e-06 -4.619709e-06 -5.165398e-10)	(3.497401e-07 -3.654602e-06 -5.481857e-11)	(6.978622e-07 -9.651066e-07 -4.617213e-10)
0.29375       	(8.711119e-07 -4.313473e-06 -7.281987e-10)	(2.488449e-07 -3.418431e-06 -6.068752e-11)	(6.222670e-07 -8.950414e-07 -6.675112e-10)
0.3           	(3.737784e-07 -3.531945e-06 -1.016946e-09)	(-1.734095e-07 -2.703877e-06 -6.355156e-11)	(5.471880e-07 -8.280682e-07 -9.533947e-10)
0.30625       	(5.703651e-07 -3.583492e-06 -1.404044e-09)	(8.938961e-08 -2.813754e-06 -6.086148e-11)	(4.809755e-07 -7.697387e-07 -1.343183e-09)
0.3125        	(1.705473e-07 -3.269271e-06 -1.724653e-09)	(-2.448068e-07 -2.551158e-06 -6.747365e-11)	(4.153540e-07 -7.181125e-07 -1.657180e-09)
0.31875       	(-2.785221e-07 -3.089341e-06 -1.899382e-09)	(-6.282845e-07 -2.418052e-06 -6.967405e-11)	(3.497625e-07 -6.712887e-07 -1.829708e-09)
0.325         	(-4.155283e-07 -2.414488e-06 -2.079189e-09)	(-7.059228e-07 -1.782288e-06 -6.921178e-11)	(2.903945e-07 -6.321997e-07 -2.009978e-09)
0.33125       	(-4.300525e-07 -2.412835e-06 -2.313041e-09)	(-6.641155e-07 -1.818363e-06 -6.963999e-11)	(2.340630e-07 -5.944721e-07 -2.243401e-09)
0.3375        	(-4.098478e-07 -2.121973e-06 -2.520842e-09)	(-5.891133e-07 -1.560756e-06 -6.979722e-11)	(1.792655e-07 -5.612172e-07 -2.451045e-09)
0.34375       	(-6.023395e-07 -1.967200e-06 -2.701065e-09)	(-7.255744e-07 -1.439875e-06 -7.075427e-11)	(1.232349e-07 -5.273250e-07 -2.630311e-09)
0.35          	(-5.986858e-07 -1.592539e-06 -2.863447e-09)	(-6.686790e-07 -1.100741e-06 -6.983868e-11)	(6.999321e-08 -4.917982e-07 -2.793609e-09)
0.35625       	(-6.485737e-07 -1.533274e-06 -2.947482e-09)	(-6.673710e-07 -1.074280e-06 -7.049821e-11)	(1.879733e-08 -4.589935e-07 -2.876984e-09)
0.3625        	(-6.710512e-07 -1.304428e-06 -3.147673e-09)	(-6.383718e-07 -8.743415e-07 -6.929957e-11)	(-3.267941e-08 -4.300870e-07 -3.078373e-09)
0.36875       	(-6.949470e-07 -1.064944e-06 -3.302253e-09)	(-6.148930e-07 -6.644567e-07 -6.971171e-11)	(-8.005404e-08 -4.004874e-07 -3.232541e-09)
0.375         	(-7.897028e-07 -6.352431e-07 -3.398722e-09)	(-6.636517e-07 -2.645728e-07 -6.910267e-11)	(-1.260511e-07 -3.706703e-07 -3.329619e-09)
0.38125       	(-7.655560e-07 1.371649e-08 -3.522035e-09)	(-5.891689e-07 3.452871e-07 -7.526209e-11)	(-1.763871e-07 -3.315706e-07 -3.446773e-09)
0.3875        	(-1.490666e-06 7.221644e-07 -3.586364e-09)	(-1.256695e-06 1.009323e-06 -4.724365e-11)	(-2.339714e-07 -2.871586e-07 -3.539121e-09)
0.39375       	(-1.158357e-06 2.345703e-07 -3.624876e-09)	(-8.756979e-07 4.998093e-07 -2.297832e-11)	(-2.826591e-07 -2.652389e-07 -3.601897e-09)
0.4           	(-1.059753e-06 7.250855e-07 -3.663660e-09)	(-7.437703e-07 9.702714e-07 -3.682403e-11)	(-3.159825e-07 -2.451859e-07 -3.626836e-09)
0.40625       	(-6.388902e-07 7.216023e-07 -3.662760e-09)	(-2.981467e-07 9.521617e-07 -3.223332e-11)	(-3.407436e-07 -2.305594e-07 -3.630526e-09)
0.4125        	(-7.821584e-07 1.050606e-06 -3.741639e-09)	(-4.229556e-07 1.268031e-06 -5.562945e-11)	(-3.592027e-07 -2.174257e-07 -3.686009e-09)
0.41875       	(-7.448374e-07 1.560649e-06 -3.775704e-09)	(-3.531404e-07 1.757346e-06 1.641034e-12)	(-3.916970e-07 -1.966966e-07 -3.777345e-09)
0.425         	(-6.645000e-07 1.654978e-06 -3.819286e-09)	(-2.371783e-07 1.836776e-06 2.220201e-11)	(-4.273217e-07 -1.817982e-07 -3.841488e-09)
0.43125       	(8.716785e-08 1.600521e-06 -3.851096e-09)	(5.275082e-07 1.777622e-06 -2.580597e-11)	(-4.403403e-07 -1.771014e-07 -3.825290e-09)
0.4375        	(5.233085e-07 1.780198e-06 -3.827941e-09)	(9.676171e-07 1.957148e-06 -3.721541e-11)	(-4.443086e-07 -1.769503e-07 -3.790726e-09)
0.44375       	(3.709762e-07 2.224322e-06 -3.811373e-09)	(8.299811e-07 2.394639e-06 -1.776175e-11)	(-4.590049e-07 -1.703167e-07 -3.793611e-09)
0.45          	(8.968835e-07 1.913624e-06 -3.777611e-09)	(1.372443e-06 2.081500e-06 1.868774e-12)	(-4.755596e-07 -1.678765e-07 -3.779480e-09)
0.45625       	(1.300791e-06 1.938224e-06 -3.722468e-09)	(1.784863e-06 2.108509e-06 8.881677e-13)	(-4.840728e-07 -1.702844e-07 -3.723356e-09)
0.4625        	(1.228566e-06 2.170768e-06 -3.693577e-09)	(1.727270e-06 2.335309e-06 -3.030956e-12)	(-4.987039e-07 -1.645405e-07 -3.690546e-09)
0.46875       	(1.554848e-06 2.323155e-06 -3.671196e-09)	(2.073418e-06 2.473811e-06 -8.118901e-13)	(-5.185694e-07 -1.506561e-07 -3.670384e-09)
0.475         	(2.139287e-06 2.393159e-06 -3.631092e-09)	(2.673814e-06 2.532117e-06 -4.319256e-12)	(-5.345272e-07 -1.389576e-07 -3.626773e-09)
0.48125       	(1.813372e-06 2.713042e-06 -3.541433e-09)	(2.360847e-06 2.840975e-06 7.340321e-12)	(-5.474750e-07 -1.279332e-07 -3.548773e-09)
0.4875        	(2.561607e-06 2.725141e-06 -3.501126e-09)	(3.118738e-06 2.842427e-06 3.765942e-12)	(-5.571309e-07 -1.172859e-07 -3.504892e-09)
0.49375       	(2.396623e-06 2.753150e-06 -3.461517e-09)	(2.961449e-06 2.859225e-06 4.334211e-12)	(-5.648267e-07 -1.060748e-07 -3.465851e-09)
0.5           	(2.664973e-06 2.883902e-06 -3.434298e-09)	(3.238170e-06 2.977356e-06 3.786571e-12)	(-5.731968e-07 -9.345411e-08 -3.438085e-09)
0.50625       	(3.131648e-06 2.926200e-06 -3.377415e-09)	(3.712501e-06 3.005339e-06 9.926069e-12)	(-5.808523e-07 -7.913950e-08 -3.387341e-09)
0.5125        	(3.291817e-06 3.022581e-06 -3.312330e-09)	(3.879073e-06 3.086750e-06 7.875352e-12)	(-5.872558e-07 -6.416937e-08 -3.320205e-09)
0.51875       	(3.574813e-06 3.153102e-06 -3.237330e-09)	(4.166671e-06 3.203653e-06 -1.909853e-11)	(-5.918585e-07 -5.055052e-08 -3.218232e-09)
0.525         	(4.677010e-06 2.303921e-06 -3.219935e-09)	(5.274662e-06 2.345939e-06 -2.294128e-11)	(-5.976522e-07 -4.201759e-08 -3.196994e-09)
0.53125       	(4.579380e-06 2.491833e-06 -3.292562e-09)	(5.177691e-06 2.508550e-06 -1.137878e-11)	(-5.983104e-07 -1.671748e-08 -3.281183e-09)
0.5375        	(4.663758e-06 2.795679e-06 -3.214466e-09)	(5.264219e-06 2.781650e-06 -1.412275e-11)	(-6.004614e-07 1.402892e-08 -3.200343e-09)
0.54375       	(4.568936e-06 3.033153e-06 -3.073543e-09)	(5.178891e-06 2.992416e-06 -1.144152e-11)	(-6.099547e-07 4.073703e-08 -3.062101e-09)
0.55          	(4.719818e-06 3.164032e-06 -3.024898e-09)	(5.340108e-06 3.094991e-06 -2.735936e-11)	(-6.202901e-07 6.904103e-08 -2.997539e-09)
0.55625       	(4.902364e-06 3.404448e-06 -2.937393e-09)	(5.529921e-06 3.304903e-06 2.910036e-11)	(-6.275574e-07 9.954557e-08 -2.966493e-09)
0.5625        	(5.321952e-06 3.207024e-06 -2.870428e-09)	(5.951526e-06 3.081194e-06 2.066187e-11)	(-6.295740e-07 1.258296e-07 -2.891090e-09)
0.56875       	(5.639341e-06 3.253343e-06 -2.820019e-09)	(6.265410e-06 3.105428e-06 1.935426e-11)	(-6.260690e-07 1.479152e-07 -2.839373e-09)
0.575         	(5.632326e-06 3.197324e-06 -2.837196e-09)	(6.256055e-06 3.026156e-06 1.339911e-11)	(-6.237292e-07 1.711681e-07 -2.850595e-09)
0.58125       	(5.979490e-06 2.997658e-06 -2.813395e-09)	(6.598701e-06 2.805401e-06 1.820028e-11)	(-6.192101e-07 1.922569e-07 -2.831595e-09)
0.5875        	(6.326993e-06 3.094560e-06 -2.759922e-09)	(6.939482e-06 2.877464e-06 1.707147e-11)	(-6.124889e-07 2.170967e-07 -2.776993e-09)
0.59375       	(6.496371e-06 3.031100e-06 -2.736944e-09)	(7.102664e-06 2.787451e-06 1.993046e-11)	(-6.062930e-07 2.436490e-07 -2.756875e-09)
0.6           	(6.744195e-06 2.952515e-06 -2.711287e-09)	(7.344527e-06 2.681516e-06 2.272550e-11)	(-6.003316e-07 2.709989e-07 -2.734013e-09)
0.60625       	(6.980781e-06 2.917140e-06 -2.684861e-09)	(7.575483e-06 2.617089e-06 2.223838e-11)	(-5.947022e-07 3.000511e-07 -2.707099e-09)
0.6125        	(7.498666e-06 2.931536e-06 -2.671274e-09)	(8.085551e-06 2.601621e-06 2.482005e-11)	(-5.868847e-07 3.299153e-07 -2.696094e-09)
0.61875       	(7.349790e-06 2.867084e-06 -2.645038e-09)	(7.928736e-06 2.505963e-06 2.538565e-11)	(-5.789463e-07 3.611212e-07 -2.670423e-09)
0.625         	(7.671255e-06 2.781584e-06 -2.634563e-09)	(8.243088e-06 2.388934e-06 2.788441e-11)	(-5.718332e-07 3.926501e-07 -2.662447e-09)
0.63125       	(7.688378e-06 2.727836e-06 -2.619400e-09)	(8.253354e-06 2.302238e-06 2.909095e-11)	(-5.649762e-07 4.255977e-07 -2.648491e-09)
0.6375        	(8.127265e-06 2.603725e-06 -2.601560e-09)	(8.682734e-06 2.144610e-06 3.027290e-11)	(-5.554689e-07 4.591151e-07 -2.631832e-09)
0.64375       	(8.191075e-06 2.665913e-06 -2.601744e-09)	(8.734327e-06 2.173741e-06 3.347444e-11)	(-5.432517e-07 4.921720e-07 -2.635219e-09)
0.65          	(8.231693e-06 2.657717e-06 -2.606754e-09)	(8.758704e-06 2.136374e-06 3.777631e-11)	(-5.270115e-07 5.213431e-07 -2.644530e-09)
0.65625       	(8.178324e-06 2.729786e-06 -2.608580e-09)	(8.685845e-06 2.181947e-06 3.775823e-11)	(-5.075212e-07 5.478395e-07 -2.646338e-09)
0.6625        	(8.300858e-06 2.772289e-06 -2.626400e-09)	(8.791509e-06 2.194875e-06 4.460633e-11)	(-4.906507e-07 5.774145e-07 -2.671006e-09)
0.66875       	(8.671134e-06 2.653279e-06 -2.656356e-09)	(9.146169e-06 2.041479e-06 4.712673e-11)	(-4.750355e-07 6.118001e-07 -2.703482e-09)
0.675         	(8.463201e-06 2.693184e-06 -2.679647e-09)	(8.925704e-06 2.043589e-06 5.116518e-11)	(-4.625036e-07 6.495946e-07 -2.730812e-09)
0.68125       	(8.602671e-06 2.599386e-06 -2.720160e-09)	(9.051199e-06 1.909630e-06 5.745152e-11)	(-4.485289e-07 6.897555e-07 -2.777612e-09)
0.6875        	(8.808576e-06 2.584590e-06 -2.774115e-09)	(9.241559e-06 1.852318e-06 6.575492e-11)	(-4.329824e-07 7.322719e-07 -2.839869e-09)
0.69375       	(8.713637e-06 2.571131e-06 -2.832168e-09)	(9.133783e-06 1.793675e-06 7.354448e-11)	(-4.201454e-07 7.774564e-07 -2.905713e-09)
0.7           	(8.709037e-06 2.495594e-06 -2.904560e-09)	(9.119533e-06 1.671453e-06 7.828149e-11)	(-4.104959e-07 8.241414e-07 -2.982842e-09)
0.70625       	(8.552769e-06 2.495908e-06 -2.980233e-09)	(8.956121e-06 1.622566e-06 8.729913e-11)	(-4.033516e-07 8.733414e-07 -3.067532e-09)
0.7125        	(8.549123e-06 2.438289e-06 -3.069496e-09)	(8.947077e-06 1.514597e-06 9.743331e-11)	(-3.979541e-07 9.236924e-07 -3.166930e-09)
0.71875       	(8.797339e-06 2.533771e-06 -3.175093e-09)	(9.188272e-06 1.557423e-06 1.066525e-10)	(-3.909331e-07 9.763483e-07 -3.281745e-09)
0.725         	(8.319643e-06 2.495731e-06 -3.288477e-09)	(8.704768e-06 1.464881e-06 1.207496e-10)	(-3.851251e-07 1.030851e-06 -3.409227e-09)
0.73125       	(8.607871e-06 2.483717e-06 -3.409878e-09)	(8.985879e-06 1.396421e-06 1.304860e-10)	(-3.780077e-07 1.087296e-06 -3.540364e-09)
0.7375        	(8.267354e-06 2.487296e-06 -3.518801e-09)	(8.639231e-06 1.341163e-06 1.417038e-10)	(-3.718764e-07 1.146133e-06 -3.660505e-09)
0.74375       	(6.343297e-06 4.348999e-06 -3.641420e-09)	(6.725842e-06 3.126343e-06 1.418452e-10)	(-3.825453e-07 1.222656e-06 -3.783265e-09)
0.75          	(5.941235e-06 4.822964e-06 -3.846893e-09)	(6.311309e-06 3.541031e-06 1.120418e-10)	(-3.700736e-07 1.281932e-06 -3.958935e-09)
0.75625       	(6.892410e-06 3.386658e-06 -3.859196e-09)	(7.208713e-06 2.088029e-06 2.666055e-10)	(-3.163035e-07 1.298629e-06 -4.125801e-09)
0.7625        	(7.078445e-06 3.000371e-06 -4.077839e-09)	(7.344371e-06 1.687572e-06 1.711635e-10)	(-2.659254e-07 1.312799e-06 -4.249003e-09)
0.76875       	(6.360590e-06 3.399394e-06 -4.140716e-09)	(6.599967e-06 2.050386e-06 2.234684e-10)	(-2.393763e-07 1.349008e-06 -4.364184e-09)
0.775         	(6.955534e-06 2.883962e-06 -4.270716e-09)	(7.167703e-06 1.493302e-06 2.349307e-10)	(-2.121690e-07 1.390659e-06 -4.505647e-09)
0.78125       	(6.592533e-06 2.937814e-06 -4.395845e-09)	(6.783698e-06 1.491640e-06 2.413022e-10)	(-1.911645e-07 1.446174e-06 -4.637147e-09)
0.7875        	(6.391122e-06 2.824118e-06 -4.497014e-09)	(6.569287e-06 1.311996e-06 2.566902e-10)	(-1.781654e-07 1.512122e-06 -4.753705e-09)
0.79375       	(6.149190e-06 3.057219e-06 -4.598319e-09)	(6.318057e-06 1.471527e-06 2.657902e-10)	(-1.688672e-07 1.585692e-06 -4.864109e-09)
0.8           	(5.848411e-06 2.928038e-06 -4.686275e-09)	(6.013878e-06 1.264401e-06 2.783985e-10)	(-1.654679e-07 1.663638e-06 -4.964674e-09)
0.80625       	(5.686200e-06 2.987542e-06 -4.767358e-09)	(5.852938e-06 1.247013e-06 2.892550e-10)	(-1.667374e-07 1.740529e-06 -5.056614e-09)
0.8125        	(5.550045e-06 2.943799e-06 -4.858944e-09)	(5.714052e-06 1.129399e-06 3.005633e-10)	(-1.640069e-07 1.814401e-06 -5.159507e-09)
0.81875       	(5.523249e-06 2.955358e-06 -4.947656e-09)	(5.681705e-06 1.068043e-06 3.086507e-10)	(-1.584567e-07 1.887316e-06 -5.256307e-09)
0.825         	(4.815411e-06 3.055244e-06 -5.002174e-09)	(4.970173e-06 1.095684e-06 3.163020e-10)	(-1.547618e-07 1.959559e-06 -5.318476e-09)
0.83125       	(4.802655e-06 3.030957e-06 -5.022637e-09)	(4.952460e-06 1.002900e-06 3.228698e-10)	(-1.498050e-07 2.028057e-06 -5.345507e-09)
0.8375        	(4.592661e-06 3.059590e-06 -5.055957e-09)	(4.736660e-06 9.664451e-07 3.236238e-10)	(-1.439989e-07 2.093145e-06 -5.379581e-09)
0.84375       	(4.382362e-06 3.131380e-06 -5.067320e-09)	(4.520842e-06 9.764394e-07 3.264032e-10)	(-1.384800e-07 2.154940e-06 -5.393723e-09)
0.85          	(4.095819e-06 3.234312e-06 -5.039156e-09)	(4.230602e-06 1.020159e-06 3.303846e-10)	(-1.347831e-07 2.214153e-06 -5.369540e-09)
0.85625       	(3.852232e-06 3.341916e-06 -4.996137e-09)	(3.984606e-06 1.071421e-06 3.249024e-10)	(-1.323744e-07 2.270496e-06 -5.321039e-09)
0.8625        	(3.594841e-06 3.416169e-06 -4.931079e-09)	(3.723920e-06 1.094027e-06 3.248025e-10)	(-1.290786e-07 2.322141e-06 -5.255881e-09)
0.86875       	(3.364609e-06 3.491931e-06 -4.851078e-09)	(3.491381e-06 1.122392e-06 3.177509e-10)	(-1.267723e-07 2.369539e-06 -5.168829e-09)
0.875         	(3.136902e-06 3.367208e-06 -4.761714e-09)	(3.261136e-06 9.586038e-07 3.100773e-10)	(-1.242340e-07 2.408605e-06 -5.071791e-09)
0.88125       	(3.347575e-06 2.472239e-06 -4.673563e-09)	(3.461360e-06 3.823108e-08 2.840446e-10)	(-1.137859e-07 2.434008e-06 -4.957607e-09)
0.8875        	(2.914851e-06 3.319956e-06 -4.522590e-09)	(3.023089e-06 8.503759e-07 3.015849e-10)	(-1.082376e-07 2.469580e-06 -4.824175e-09)
0.89375       	(2.621905e-06 3.168628e-06 -4.403335e-09)	(2.732154e-06 6.685306e-07 2.761982e-10)	(-1.102480e-07 2.500098e-06 -4.679533e-09)
0.9           	(2.819740e-06 3.105249e-06 -4.296328e-09)	(2.932795e-06 5.801478e-07 2.476028e-10)	(-1.130546e-07 2.525101e-06 -4.543931e-09)
0.90625       	(2.215560e-06 3.146757e-06 -4.187318e-09)	(2.342387e-06 5.918211e-07 2.320134e-10)	(-1.268271e-07 2.554936e-06 -4.419332e-09)
0.9125        	(1.687962e-06 3.547719e-06 -4.069098e-09)	(1.835946e-06 9.588390e-07 2.386087e-10)	(-1.479839e-07 2.588880e-06 -4.307707e-09)
0.91875       	(1.563690e-06 3.466410e-06 -3.943607e-09)	(1.728268e-06 8.505187e-07 2.632023e-10)	(-1.645778e-07 2.615891e-06 -4.206809e-09)
0.925         	(1.923633e-06 2.996484e-06 -3.909603e-09)	(2.087553e-06 3.731012e-07 1.711307e-10)	(-1.639208e-07 2.623383e-06 -4.080733e-09)
0.93125       	(2.145915e-06 2.713091e-06 -3.830836e-09)	(2.302222e-06 9.306551e-08 1.307829e-10)	(-1.563071e-07 2.620025e-06 -3.961619e-09)
0.9375        	(1.287275e-06 3.280614e-06 -3.816908e-09)	(1.462480e-06 6.464571e-07 8.146167e-11)	(-1.752049e-07 2.634157e-06 -3.898369e-09)
0.94375       	(1.026307e-06 3.388422e-06 -3.730820e-09)	(1.238421e-06 7.244122e-07 1.383045e-10)	(-2.121134e-07 2.664010e-06 -3.869125e-09)
0.95          	(9.704396e-07 3.287957e-06 -3.734244e-09)	(1.217469e-06 5.998370e-07 1.266048e-10)	(-2.470290e-07 2.688120e-06 -3.860849e-09)
0.95625       	(9.280281e-07 3.209172e-06 -3.750474e-09)	(1.207823e-06 5.005893e-07 1.172723e-10)	(-2.797949e-07 2.708583e-06 -3.867746e-09)
0.9625        	(7.988744e-07 3.197268e-06 -3.788941e-09)	(1.106927e-06 4.788881e-07 1.115156e-10)	(-3.080527e-07 2.718380e-06 -3.900456e-09)
0.96875       	(4.321766e-07 3.183589e-06 -3.855528e-09)	(7.693929e-07 4.607505e-07 1.054742e-10)	(-3.372163e-07 2.722839e-06 -3.961002e-09)
0.975         	(6.556825e-07 3.130379e-06 -3.941854e-09)	(1.018749e-06 4.058639e-07 9.728377e-11)	(-3.630668e-07 2.724515e-06 -4.039138e-09)
0.98125       	(4.134262e-07 3.075249e-06 -4.054193e-09)	(8.012626e-07 3.525818e-07 8.896111e-11)	(-3.878364e-07 2.722667e-06 -4.143154e-09)
0.9875        	(4.387305e-07 3.075539e-06 -4.167759e-09)	(8.515898e-07 3.570169e-07 9.568511e-11)	(-4.128593e-07 2.718522e-06 -4.263444e-09)
0.99375       	(3.674435e-07 3.006617e-06 -4.314777e-09)	(8.047752e-07 2.954948e-07 8.312767e-11)	(-4.373317e-07 2.711122e-06 -4.397904e-09)
1             	(2.038131e-07 3.039775e-06 -4.445323e-09)	(6.660054e-07 3.365592e-07 1.079291e-10)	(-4.621924e-07 2.703215e-06 -4.553252e-09)
1.00625       	(1.755040e-07 2.980253e-06 -4.612409e-09)	(6.618910e-07 2.873110e-07 1.050331e-10)	(-4.863870e-07 2.692942e-06 -4.717442e-09)
1.0125        	(1.541105e-07 2.838659e-06 -4.777510e-09)	(6.651907e-07 1.581314e-07 9.765749e-11)	(-5.110803e-07 2.680527e-06 -4.875168e-09)
1.01875       	(1.183647e-07 2.686464e-06 -4.918486e-09)	(6.541913e-07 2.084100e-08 9.538232e-11)	(-5.358266e-07 2.665623e-06 -5.013868e-09)
1.025         	(-3.550616e-08 2.751436e-06 -5.055135e-09)	(5.241341e-07 1.005248e-07 9.497581e-11)	(-5.596403e-07 2.650911e-06 -5.150111e-09)
1.03125       	(2.117230e-08 2.572295e-06 -5.189361e-09)	(6.033311e-07 -6.128639e-08 9.643936e-11)	(-5.821588e-07 2.633581e-06 -5.285800e-09)
1.0375        	(-9.404617e-08 2.594979e-06 -5.312248e-09)	(5.111544e-07 -2.147382e-08 9.755209e-11)	(-6.052006e-07 2.616453e-06 -5.409800e-09)
1.04375       	(2.670566e-08 2.482700e-06 -5.422781e-09)	(6.517493e-07 -1.155461e-07 9.606597e-11)	(-6.250437e-07 2.598246e-06 -5.518847e-09)
1.05          	(-1.151275e-07 2.557551e-06 -5.521868e-09)	(5.309652e-07 -2.347384e-08 9.529678e-11)	(-6.460927e-07 2.581025e-06 -5.617165e-09)
1.05625       	(5.418031e-08 2.327599e-06 -5.604552e-09)	(7.199198e-07 -2.327883e-07 9.180178e-11)	(-6.657395e-07 2.560387e-06 -5.696354e-09)
1.0625        	(-8.576789e-08 2.259702e-06 -5.670347e-09)	(5.987538e-07 -2.771328e-07 9.045502e-11)	(-6.845217e-07 2.536835e-06 -5.760802e-09)
1.06875       	(-1.036080e-07 2.335914e-06 -5.745609e-09)	(6.010919e-07 -1.810054e-07 9.117173e-11)	(-7.046999e-07 2.516919e-06 -5.836781e-09)
1.075         	(-1.369622e-07 2.332637e-06 -5.827133e-09)	(5.878673e-07 -1.655559e-07 8.870944e-11)	(-7.248295e-07 2.498193e-06 -5.915842e-09)
1.08125       	(-4.824947e-08 2.168918e-06 -5.891804e-09)	(6.947702e-07 -3.060732e-07 8.777598e-11)	(-7.430196e-07 2.474991e-06 -5.979580e-09)
1.0875        	(-1.253326e-07 2.168423e-06 -5.951821e-09)	(6.353200e-07 -2.827285e-07 8.798878e-11)	(-7.606525e-07 2.451151e-06 -6.039810e-09)
1.09375       	(-8.377867e-08 2.211177e-06 -6.018811e-09)	(6.949568e-07 -2.179568e-07 8.612249e-11)	(-7.787354e-07 2.429134e-06 -6.104934e-09)
1.1           	(-1.765341e-07 2.191992e-06 -6.082722e-09)	(6.201945e-07 -2.146657e-07 8.502041e-11)	(-7.967285e-07 2.406658e-06 -6.167742e-09)
1.10625       	(-5.093089e-08 2.117135e-06 -6.129926e-09)	(7.626890e-07 -2.654987e-07 8.393025e-11)	(-8.136199e-07 2.382633e-06 -6.213856e-09)
1.1125        	(4.011803e-08 2.041708e-06 -6.183313e-09)	(8.685493e-07 -3.162078e-07 8.296723e-11)	(-8.284313e-07 2.357916e-06 -6.266280e-09)
1.11875       	(-3.281885e-08 1.995848e-06 -6.239779e-09)	(8.113668e-07 -3.367586e-07 8.195912e-11)	(-8.441856e-07 2.332606e-06 -6.321738e-09)
1.125         	(1.251126e-07 1.948368e-06 -6.293857e-09)	(9.838679e-07 -3.588790e-07 8.091122e-11)	(-8.587552e-07 2.307247e-06 -6.374768e-09)
1.13125       	(1.878876e-07 1.883124e-06 -6.346106e-09)	(1.060077e-06 -3.986880e-07 7.992408e-11)	(-8.721896e-07 2.281812e-06 -6.426030e-09)
1.1375        	(2.329404e-07 1.862117e-06 -6.413055e-09)	(1.118597e-06 -3.953468e-07 7.945391e-11)	(-8.856568e-07 2.257464e-06 -6.492509e-09)
1.14375       	(1.711375e-07 1.819236e-06 -6.466984e-09)	(1.071781e-06 -4.142629e-07 7.918583e-11)	(-9.006438e-07 2.233499e-06 -6.546170e-09)
1.15          	(2.650444e-07 1.745100e-06 -6.507896e-09)	(1.180426e-06 -4.644215e-07 7.889609e-11)	(-9.153815e-07 2.209521e-06 -6.586792e-09)
1.15625       	(5.060957e-07 1.719122e-06 -6.552805e-09)	(1.433939e-06 -4.684143e-07 7.832367e-11)	(-9.278433e-07 2.187536e-06 -6.631129e-09)
1.1625        	(3.765943e-07 1.652304e-06 -6.596731e-09)	(1.318593e-06 -5.141515e-07 7.779946e-11)	(-9.419992e-07 2.166455e-06 -6.674530e-09)
1.16875       	(5.682898e-07 1.608319e-06 -6.633566e-09)	(1.523694e-06 -5.375963e-07 7.797825e-11)	(-9.554043e-07 2.145916e-06 -6.711544e-09)
1.175         	(6.792349e-07 1.564078e-06 -6.669139e-09)	(1.648125e-06 -5.634818e-07 7.759602e-11)	(-9.688902e-07 2.127560e-06 -6.746735e-09)
1.18125       	(6.966764e-07 1.526660e-06 -6.700535e-09)	(1.679814e-06 -5.833889e-07 7.729384e-11)	(-9.831379e-07 2.110049e-06 -6.777828e-09)
1.1875        	(8.385000e-07 1.551761e-06 -6.728379e-09)	(1.834662e-06 -5.428292e-07 7.714464e-11)	(-9.961621e-07 2.094590e-06 -6.805523e-09)
1.19375       	(5.932832e-07 1.498585e-06 -6.736307e-09)	(1.605218e-06 -5.817869e-07 7.696920e-11)	(-1.011935e-06 2.080372e-06 -6.813276e-09)
1.2           	(9.502673e-07 1.375782e-06 -6.734963e-09)	(1.976792e-06 -6.906439e-07 7.672476e-11)	(-1.026525e-06 2.066426e-06 -6.811688e-09)
1.20625       	(8.239538e-07 1.422138e-06 -6.730605e-09)	(1.864913e-06 -6.317313e-07 7.663742e-11)	(-1.040959e-06 2.053869e-06 -6.807243e-09)
1.2125        	(1.056083e-06 1.370625e-06 -6.721135e-09)	(2.110843e-06 -6.723696e-07 7.566758e-11)	(-1.054760e-06 2.042994e-06 -6.796803e-09)
1.21875       	(1.263135e-06 1.344576e-06 -6.705590e-09)	(2.329623e-06 -6.883105e-07 7.516388e-11)	(-1.066488e-06 2.032887e-06 -6.780754e-09)
1.225         	(9.777157e-07 1.352555e-06 -6.684361e-09)	(2.057999e-06 -6.711766e-07 7.441685e-11)	(-1.080283e-06 2.023731e-06 -6.758778e-09)
1.23125       	(1.247915e-06 1.298682e-06 -6.652577e-09)	(2.341085e-06 -7.169181e-07 7.406940e-11)	(-1.093170e-06 2.015600e-06 -6.726647e-09)
1.2375        	(1.385147e-06 1.275004e-06 -6.611731e-09)	(2.489332e-06 -7.328652e-07 7.312306e-11)	(-1.104185e-06 2.007869e-06 -6.684854e-09)
1.24375       	(1.268928e-06 1.266570e-06 -6.560952e-09)	(2.385585e-06 -7.348160e-07 7.141636e-11)	(-1.116657e-06 2.001386e-06 -6.632369e-09)
1.25          	(1.419553e-06 1.280006e-06 -6.501965e-09)	(2.548330e-06 -7.165603e-07 7.208502e-11)	(-1.128777e-06 1.996567e-06 -6.574050e-09)
1.25625       	(1.691080e-06 1.293309e-06 -6.445029e-09)	(2.829569e-06 -6.990310e-07 7.126719e-11)	(-1.138489e-06 1.992340e-06 -6.516296e-09)
1.2625        	(1.663493e-06 1.202172e-06 -6.389056e-09)	(2.811245e-06 -7.848587e-07 7.114359e-11)	(-1.147752e-06 1.987031e-06 -6.460199e-09)
1.26875       	(1.543124e-06 1.228679e-06 -6.323189e-09)	(2.701869e-06 -7.538163e-07 6.946839e-11)	(-1.158745e-06 1.982496e-06 -6.392657e-09)
1.275         	(1.525273e-06 1.453940e-06 -6.247826e-09)	(2.695935e-06 -5.273109e-07 7.068364e-11)	(-1.170662e-06 1.981251e-06 -6.318510e-09)
1.28125       	(1.706576e-06 1.398208e-06 -6.160618e-09)	(2.888343e-06 -5.834028e-07 6.992949e-11)	(-1.181766e-06 1.981610e-06 -6.230548e-09)
1.2875        	(1.687759e-06 1.299593e-06 -6.070409e-09)	(2.878572e-06 -6.787809e-07 6.775951e-11)	(-1.190813e-06 1.978374e-06 -6.138168e-09)
1.29375       	(1.673291e-06 1.353197e-06 -5.983144e-09)	(2.872829e-06 -6.217038e-07 6.685824e-11)	(-1.199538e-06 1.974901e-06 -6.050002e-09)
1.3           	(1.877858e-06 1.410101e-06 -5.891187e-09)	(3.085330e-06 -5.632398e-07 6.548092e-11)	(-1.207472e-06 1.973341e-06 -5.956668e-09)
1.30625       	(1.980515e-06 1.344451e-06 -5.796072e-09)	(3.193563e-06 -6.257711e-07 6.421249e-11)	(-1.213048e-06 1.970222e-06 -5.860284e-09)
1.3125        	(1.882319e-06 1.331325e-06 -5.706928e-09)	(3.101016e-06 -6.354652e-07 6.285767e-11)	(-1.218697e-06 1.966790e-06 -5.769786e-09)
1.31875       	(1.834486e-06 1.398618e-06 -5.614502e-09)	(3.059454e-06 -5.654188e-07 6.147892e-11)	(-1.224968e-06 1.964037e-06 -5.675981e-09)
1.325         	(1.936675e-06 1.348310e-06 -5.515860e-09)	(3.166637e-06 -6.127105e-07 6.013741e-11)	(-1.229962e-06 1.961020e-06 -5.575997e-09)
1.33125       	(2.054813e-06 1.361146e-06 -5.411750e-09)	(3.288418e-06 -5.964286e-07 5.870049e-11)	(-1.233605e-06 1.957575e-06 -5.470451e-09)
1.3375        	(2.167944e-06 1.394337e-06 -5.307032e-09)	(3.404490e-06 -5.603788e-07 5.708736e-11)	(-1.236546e-06 1.954716e-06 -5.364119e-09)
1.34375       	(2.058510e-06 1.520499e-06 -5.203922e-09)	(3.298141e-06 -4.323187e-07 5.695960e-11)	(-1.239631e-06 1.952818e-06 -5.260881e-09)
1.35          	(2.221798e-06 1.315622e-06 -5.102435e-09)	(3.463722e-06 -6.318213e-07 5.557096e-11)	(-1.241924e-06 1.947444e-06 -5.158006e-09)
1.35625       	(2.210332e-06 1.412795e-06 -5.008198e-09)	(3.454197e-06 -5.298506e-07 5.378936e-11)	(-1.243865e-06 1.942646e-06 -5.061988e-09)
1.3625        	(2.205348e-06 1.719514e-06 -4.911480e-09)	(3.452265e-06 -2.236049e-07 5.406047e-11)	(-1.246917e-06 1.943119e-06 -4.965541e-09)
1.36875       	(2.453383e-06 1.351115e-06 -4.811504e-09)	(3.699726e-06 -5.859558e-07 5.028365e-11)	(-1.246343e-06 1.937071e-06 -4.861788e-09)
1.375         	(2.220460e-06 1.553801e-06 -4.702513e-09)	(3.467154e-06 -3.770255e-07 4.959792e-11)	(-1.246694e-06 1.930826e-06 -4.752111e-09)
1.38125       	(2.409143e-06 1.455816e-06 -4.607845e-09)	(3.654584e-06 -4.687449e-07 4.786207e-11)	(-1.245440e-06 1.924561e-06 -4.655707e-09)
1.3875        	(2.445030e-06 1.452614e-06 -4.508888e-09)	(3.688277e-06 -4.655158e-07 4.620690e-11)	(-1.243247e-06 1.918130e-06 -4.555095e-09)
1.39375       	(2.443055e-06 1.416607e-06 -4.420104e-09)	(3.685307e-06 -4.965339e-07 4.489232e-11)	(-1.242252e-06 1.913140e-06 -4.464997e-09)
1.4           	(2.553800e-06 1.452160e-06 -4.333746e-09)	(3.795411e-06 -4.573376e-07 4.297727e-11)	(-1.241612e-06 1.909498e-06 -4.376723e-09)
1.40625       	(2.559377e-06 1.428645e-06 -4.249012e-09)	(3.800004e-06 -4.777847e-07 4.087693e-11)	(-1.240627e-06 1.906429e-06 -4.289889e-09)
1.4125        	(2.500175e-06 1.508179e-06 -4.140093e-09)	(3.740108e-06 -3.920264e-07 4.034867e-11)	(-1.239933e-06 1.900205e-06 -4.180441e-09)
1.41875       	(2.644816e-06 1.537727e-06 -4.043940e-09)	(3.882969e-06 -3.542262e-07 3.886437e-11)	(-1.238153e-06 1.891953e-06 -4.082804e-09)
1.425         	(2.674527e-06 1.451456e-06 -3.964733e-09)	(3.908577e-06 -4.341442e-07 3.746941e-11)	(-1.234050e-06 1.885600e-06 -4.002202e-09)
1.43125       	(2.692597e-06 1.555891e-06 -3.883431e-09)	(3.921454e-06 -3.215730e-07 3.583354e-11)	(-1.228858e-06 1.877464e-06 -3.919265e-09)
1.4375        	(2.761200e-06 1.515573e-06 -3.808204e-09)	(3.985074e-06 -3.527769e-07 3.425598e-11)	(-1.223875e-06 1.868350e-06 -3.842460e-09)
1.44375       	(2.800486e-06 1.523434e-06 -3.730624e-09)	(4.019671e-06 -3.359493e-07 3.282396e-11)	(-1.219184e-06 1.859383e-06 -3.763448e-09)
1.45          	(2.720685e-06 1.537821e-06 -3.649587e-09)	(3.935326e-06 -3.122461e-07 3.156647e-11)	(-1.214640e-06 1.850067e-06 -3.681154e-09)
1.45625       	(2.825645e-06 1.540678e-06 -3.567819e-09)	(4.035092e-06 -2.997193e-07 3.021620e-11)	(-1.209447e-06 1.840397e-06 -3.598035e-09)
1.4625        	(3.020799e-06 1.494211e-06 -3.486840e-09)	(4.223893e-06 -3.359557e-07 2.869532e-11)	(-1.203094e-06 1.830166e-06 -3.515535e-09)
1.46875       	(2.895013e-06 1.513956e-06 -3.408809e-09)	(4.092146e-06 -3.054097e-07 2.670802e-11)	(-1.197133e-06 1.819366e-06 -3.435517e-09)
1.475         	(2.900876e-06 1.587911e-06 -3.332270e-09)	(4.091891e-06 -2.210779e-07 2.475840e-11)	(-1.191015e-06 1.808989e-06 -3.357028e-09)
1.48125       	(3.099253e-06 1.567228e-06 -3.274255e-09)	(4.282566e-06 -2.314319e-07 2.259666e-11)	(-1.183313e-06 1.798660e-06 -3.296852e-09)
1.4875        	(2.930702e-06 1.580476e-06 -3.204790e-09)	(4.106379e-06 -2.067592e-07 2.079235e-11)	(-1.175677e-06 1.787235e-06 -3.225583e-09)
1.49375       	(2.993201e-06 1.572887e-06 -3.140406e-09)	(4.161733e-06 -2.023923e-07 1.922580e-11)	(-1.168532e-06 1.775279e-06 -3.159632e-09)
1.5           	(2.964722e-06 1.544370e-06 -3.091454e-09)	(4.126308e-06 -2.179560e-07 1.995564e-11)	(-1.161586e-06 1.762326e-06 -3.111410e-09)
1.50625       	(3.104857e-06 1.580061e-06 -3.037351e-09)	(4.258226e-06 -1.695461e-07 9.014823e-12)	(-1.153369e-06 1.749607e-06 -3.046366e-09)
1.5125        	(2.884759e-06 1.639936e-06 -2.979353e-09)	(4.032406e-06 -9.734118e-08 -1.084119e-11)	(-1.147647e-06 1.737277e-06 -2.968512e-09)
1.51875       	(3.089889e-06 1.628029e-06 -2.915501e-09)	(4.230346e-06 -9.487452e-08 -1.991786e-13)	(-1.140457e-06 1.722904e-06 -2.915301e-09)
1.525         	(3.084182e-06 1.498511e-06 -2.833765e-09)	(4.215453e-06 -2.136411e-07 4.021094e-11)	(-1.131271e-06 1.712152e-06 -2.873976e-09)
1.53125       	(3.040473e-06 1.618502e-06 -2.741422e-09)	(4.162441e-06 -7.882531e-08 2.122583e-11)	(-1.121968e-06 1.697328e-06 -2.762648e-09)
1.5375        	(3.104791e-06 1.694578e-06 -2.622654e-09)	(4.215243e-06 1.364817e-08 2.681581e-11)	(-1.110451e-06 1.680929e-06 -2.649470e-09)
1.54375       	(3.104484e-06 1.518101e-06 -2.576544e-09)	(4.199266e-06 -1.449988e-07 2.034020e-11)	(-1.094781e-06 1.663100e-06 -2.596884e-09)
1.55          	(3.214530e-06 1.605185e-06 -2.540184e-09)	(4.292928e-06 -3.995615e-08 1.724146e-11)	(-1.078397e-06 1.645141e-06 -2.557425e-09)
1.55625       	(3.267091e-06 1.538712e-06 -2.481041e-09)	(4.327660e-06 -8.514389e-08 2.135440e-11)	(-1.060570e-06 1.623856e-06 -2.502395e-09)
1.5625        	(3.311280e-06 1.538048e-06 -2.413757e-09)	(4.354571e-06 -6.476312e-08 2.262460e-11)	(-1.043291e-06 1.602811e-06 -2.436382e-09)
1.56875       	(3.058523e-06 1.729082e-06 -2.367201e-09)	(4.086237e-06 1.448057e-07 1.516582e-11)	(-1.027714e-06 1.584276e-06 -2.382367e-09)
1.575         	(3.094608e-06 1.671780e-06 -2.307383e-09)	(4.108639e-06 1.068534e-07 1.664475e-11)	(-1.014031e-06 1.564927e-06 -2.324028e-09)
1.58125       	(3.510896e-06 1.443471e-06 -2.250042e-09)	(4.509844e-06 -1.010535e-07 1.586739e-11)	(-9.989479e-07 1.544524e-06 -2.265910e-09)
1.5875        	(3.212578e-06 1.596142e-06 -2.200591e-09)	(4.196885e-06 7.235685e-08 1.489929e-11)	(-9.843080e-07 1.523785e-06 -2.215491e-09)
1.59375       	(3.339273e-06 1.562854e-06 -2.141273e-09)	(4.309092e-06 5.977263e-08 1.391917e-11)	(-9.698195e-07 1.503082e-06 -2.155192e-09)
1.6           	(3.287840e-06 1.534489e-06 -2.074705e-09)	(4.243538e-06 5.188905e-08 1.339890e-11)	(-9.556978e-07 1.482599e-06 -2.088104e-09)
1.60625       	(3.201530e-06 1.630282e-06 -2.014264e-09)	(4.144165e-06 1.678268e-07 1.331389e-11)	(-9.426344e-07 1.462455e-06 -2.027578e-09)
1.6125        	(3.468413e-06 1.493222e-06 -1.943271e-09)	(4.396211e-06 5.289914e-08 1.035146e-11)	(-9.277987e-07 1.440323e-06 -1.953623e-09)
1.61875       	(3.300939e-06 1.566777e-06 -1.886442e-09)	(4.216716e-06 1.449358e-07 1.173236e-11)	(-9.157771e-07 1.421841e-06 -1.898174e-09)
1.625         	(3.369794e-06 1.487837e-06 -1.834925e-09)	(4.271585e-06 8.747710e-08 6.438322e-12)	(-9.017900e-07 1.400360e-06 -1.841364e-09)
1.63125       	(3.451814e-06 1.488274e-06 -1.784223e-09)	(4.338836e-06 1.087628e-07 6.820144e-12)	(-8.870212e-07 1.379512e-06 -1.791043e-09)
1.6375        	(3.305186e-06 1.680233e-06 -1.754579e-09)	(4.177534e-06 3.216322e-07 4.771699e-12)	(-8.723487e-07 1.358601e-06 -1.759350e-09)
1.64375       	(3.470401e-06 1.436132e-06 -1.698385e-09)	(4.327738e-06 1.000442e-07 7.010162e-12)	(-8.573367e-07 1.336088e-06 -1.705395e-09)
1.65          	(3.295989e-06 1.622116e-06 -1.634700e-09)	(4.139366e-06 3.077445e-07 4.871824e-12)	(-8.433766e-07 1.314372e-06 -1.639572e-09)
1.65625       	(3.403182e-06 1.520660e-06 -1.589024e-09)	(4.231020e-06 2.296199e-07 3.643726e-12)	(-8.278385e-07 1.291040e-06 -1.592667e-09)
1.6625        	(3.383418e-06 1.466612e-06 -1.542650e-09)	(4.194433e-06 2.003317e-07 4.049589e-12)	(-8.110149e-07 1.266280e-06 -1.546699e-09)
1.66875       	(3.451483e-06 1.482775e-06 -1.489342e-09)	(4.243211e-06 2.423836e-07 4.626767e-12)	(-7.917275e-07 1.240391e-06 -1.493968e-09)
1.675         	(3.334484e-06 1.505474e-06 -1.440433e-09)	(4.106546e-06 2.922709e-07 4.107749e-12)	(-7.720614e-07 1.213203e-06 -1.444540e-09)
1.68125       	(3.367289e-06 1.564163e-06 -1.400582e-09)	(4.118559e-06 3.793498e-07 2.612898e-12)	(-7.512696e-07 1.184813e-06 -1.403195e-09)
1.6875        	(3.343855e-06 1.533155e-06 -1.357494e-09)	(4.072193e-06 3.788806e-07 1.982767e-12)	(-7.283389e-07 1.154274e-06 -1.359476e-09)
1.69375       	(3.291923e-06 1.468213e-06 -1.298853e-09)	(3.997756e-06 3.444880e-07 1.460944e-12)	(-7.058323e-07 1.123725e-06 -1.300314e-09)
1.7           	(3.496910e-06 1.370097e-06 -1.254776e-09)	(4.179965e-06 2.768711e-07 2.836116e-13)	(-6.830550e-07 1.093226e-06 -1.255060e-09)
1.70625       	(3.187680e-06 1.650799e-06 -1.230636e-09)	(3.850430e-06 5.855372e-07 1.403302e-13)	(-6.627502e-07 1.065261e-06 -1.230777e-09)
1.7125        	(3.481411e-06 1.257848e-06 -1.187685e-09)	(4.123140e-06 2.215909e-07 1.192712e-12)	(-6.417287e-07 1.036257e-06 -1.188878e-09)
1.71875       	(3.356018e-06 1.421277e-06 -1.145768e-09)	(3.978180e-06 4.125226e-07 4.441603e-13)	(-6.221627e-07 1.008754e-06 -1.146212e-09)
1.725         	(3.453924e-06 1.357956e-06 -1.118794e-09)	(4.057708e-06 3.755413e-07 -9.341075e-13)	(-6.037839e-07 9.824147e-07 -1.117860e-09)
1.73125       	(3.434974e-06 1.447891e-06 -1.085134e-09)	(4.023531e-06 4.903011e-07 -2.126587e-12)	(-5.885574e-07 9.575901e-07 -1.083008e-09)
1.7375        	(3.399183e-06 1.329512e-06 -1.049355e-09)	(3.975712e-06 3.972953e-07 -3.237922e-12)	(-5.765286e-07 9.322166e-07 -1.046117e-09)
1.74375       	(3.522595e-06 1.315822e-06 -1.024015e-09)	(4.088333e-06 4.088917e-07 -3.999687e-12)	(-5.657373e-07 9.069299e-07 -1.020015e-09)
1.75          	(3.480546e-06 1.248471e-06 -9.984624e-10)	(4.034703e-06 3.661529e-07 -4.125322e-12)	(-5.541574e-07 8.823178e-07 -9.943370e-10)
1.75625       	(3.485429e-06 1.248262e-06 -9.693239e-10)	(4.025984e-06 3.906812e-07 -4.013786e-12)	(-5.405549e-07 8.575811e-07 -9.653101e-10)
1.7625        	(3.376432e-06 1.232345e-06 -9.237621e-10)	(3.902070e-06 3.991243e-07 -4.059160e-12)	(-5.256378e-07 8.332204e-07 -9.197030e-10)
1.76875       	(3.389737e-06 1.131810e-06 -8.691788e-10)	(3.899714e-06 3.227370e-07 -4.411840e-12)	(-5.099771e-07 8.090731e-07 -8.647669e-10)
1.775         	(3.287889e-06 1.206581e-06 -8.271898e-10)	(3.781972e-06 4.215440e-07 -5.047695e-12)	(-4.940834e-07 7.850375e-07 -8.221421e-10)
1.78125       	(3.082201e-06 1.340024e-06 -7.887033e-10)	(3.562501e-06 5.777221e-07 -5.476518e-12)	(-4.803006e-07 7.623021e-07 -7.832268e-10)
1.7875        	(3.327472e-06 1.159273e-06 -7.524611e-10)	(3.793272e-06 4.201460e-07 -6.106683e-12)	(-4.658005e-07 7.391273e-07 -7.463544e-10)
1.79375       	(3.113523e-06 1.203956e-06 -7.155797e-10)	(3.565470e-06 4.879152e-07 -6.502291e-12)	(-4.519470e-07 7.160410e-07 -7.090774e-10)
1.8           	(3.581211e-06 9.140320e-07 -6.807994e-10)	(4.018855e-06 2.210800e-07 -6.922877e-12)	(-4.376445e-07 6.929520e-07 -6.738765e-10)
1.80625       	(3.335663e-06 9.630342e-07 -6.491589e-10)	(3.759276e-06 2.932061e-07 -7.301245e-12)	(-4.236134e-07 6.698280e-07 -6.418577e-10)
1.8125        	(3.197632e-06 1.028226e-06 -6.148373e-10)	(3.608127e-06 3.807131e-07 -7.667854e-12)	(-4.104951e-07 6.475129e-07 -6.071694e-10)
1.81875       	(3.269041e-06 1.071409e-06 -5.770487e-10)	(3.666200e-06 4.454846e-07 -7.907066e-12)	(-3.971582e-07 6.259240e-07 -5.691417e-10)
1.825         	(3.166121e-06 1.003540e-06 -5.393715e-10)	(3.550362e-06 3.989640e-07 -8.291587e-12)	(-3.842407e-07 6.045761e-07 -5.310799e-10)
1.83125       	(3.056604e-06 1.083202e-06 -5.095240e-10)	(3.428857e-06 4.992743e-07 -8.733985e-12)	(-3.722529e-07 5.839281e-07 -5.007900e-10)
1.8375        	(2.937198e-06 1.123401e-06 -4.830358e-10)	(3.296952e-06 5.598259e-07 -9.256772e-12)	(-3.597534e-07 5.635748e-07 -4.737790e-10)
1.84375       	(3.273879e-06 7.860871e-07 -4.486719e-10)	(3.620055e-06 2.441445e-07 -9.568110e-12)	(-3.461766e-07 5.419425e-07 -4.391038e-10)
1.85          	(3.077242e-06 9.205878e-07 -4.178557e-10)	(3.410582e-06 3.998044e-07 -9.820134e-12)	(-3.333406e-07 5.207833e-07 -4.080355e-10)
1.85625       	(3.041282e-06 8.843195e-07 -3.912285e-10)	(3.362724e-06 3.832545e-07 -1.007167e-11)	(-3.214415e-07 5.010649e-07 -3.811568e-10)
1.8625        	(3.070355e-06 8.478269e-07 -3.597455e-10)	(3.379631e-06 3.666668e-07 -1.049976e-11)	(-3.092764e-07 4.811601e-07 -3.492457e-10)
1.86875       	(3.007574e-06 8.349975e-07 -3.283409e-10)	(3.304927e-06 3.738495e-07 -1.102301e-11)	(-2.973528e-07 4.611481e-07 -3.173179e-10)
1.875         	(3.127409e-06 7.317388e-07 -3.003491e-10)	(3.413103e-06 2.902996e-07 -1.123427e-11)	(-2.856938e-07 4.414392e-07 -2.891148e-10)
1.88125       	(3.095294e-06 6.321515e-07 -2.745202e-10)	(3.368564e-06 2.108431e-07 -1.152712e-11)	(-2.732699e-07 4.213084e-07 -2.629931e-10)
1.8875        	(2.845166e-06 8.064749e-07 -2.502714e-10)	(3.107080e-06 4.042855e-07 -1.190247e-11)	(-2.619146e-07 4.021893e-07 -2.383689e-10)
1.89375       	(2.841567e-06 8.733296e-07 -2.245819e-10)	(3.092526e-06 4.886441e-07 -1.231190e-11)	(-2.509593e-07 3.846855e-07 -2.122700e-10)
1.9           	(3.021595e-06 3.709866e-07 -2.054495e-10)	(3.261316e-06 5.598325e-09 -1.264834e-11)	(-2.397213e-07 3.653882e-07 -1.928011e-10)
1.90625       	(2.832665e-06 6.818926e-07 -1.822112e-10)	(3.060404e-06 3.349408e-07 -1.289156e-11)	(-2.277391e-07 3.469517e-07 -1.693196e-10)
1.9125        	(2.785524e-06 6.855815e-07 -1.583545e-10)	(3.002500e-06 3.553977e-07 -1.408614e-11)	(-2.169768e-07 3.301837e-07 -1.442683e-10)
1.91875       	(2.895323e-06 6.930472e-07 -1.329003e-10)	(3.100255e-06 3.798451e-07 -1.360921e-11)	(-2.049323e-07 3.132021e-07 -1.192911e-10)
1.925         	(2.794605e-06 5.434620e-07 -1.097322e-10)	(2.988032e-06 2.476717e-07 -1.412126e-11)	(-1.934265e-07 2.957903e-07 -9.561098e-11)
1.93125       	(2.691040e-06 5.934253e-07 -8.755365e-11)	(2.876053e-06 3.143795e-07 -1.361858e-11)	(-1.850130e-07 2.790458e-07 -7.393507e-11)
1.9375        	(2.637086e-06 5.044270e-07 -6.599194e-11)	(2.812555e-06 2.426418e-07 -1.333425e-11)	(-1.754684e-07 2.617853e-07 -5.265769e-11)
1.94375       	(2.656033e-06 3.634849e-07 -4.452937e-11)	(2.820698e-06 1.191590e-07 -1.364328e-11)	(-1.646645e-07 2.443260e-07 -3.088609e-11)
1.95          	(2.618717e-06 4.335535e-07 -1.913982e-11)	(2.773326e-06 2.052141e-07 -1.375441e-11)	(-1.546091e-07 2.283394e-07 -5.385401e-12)
1.95625       	(2.749528e-06 2.883020e-07 3.082972e-12)	(2.894309e-06 7.539818e-08 -1.396026e-11)	(-1.447811e-07 2.129038e-07 1.704323e-11)
1.9625        	(2.515066e-06 3.804623e-07 2.250409e-11)	(2.650019e-06 1.828481e-07 -1.409632e-11)	(-1.349530e-07 1.976142e-07 3.660042e-11)
1.96875       	(2.492900e-06 3.758713e-07 4.678070e-11)	(2.618011e-06 1.930992e-07 -1.403441e-11)	(-1.251109e-07 1.827721e-07 6.081510e-11)
1.975         	(2.357751e-06 3.637422e-07 7.080033e-11)	(2.473726e-06 1.952350e-07 -1.422009e-11)	(-1.159740e-07 1.685072e-07 8.502042e-11)
1.98125       	(2.725558e-06 1.090540e-07 9.101660e-11)	(2.830544e-06 -4.423365e-08 -1.426960e-11)	(-1.049852e-07 1.532876e-07 1.052862e-10)
1.9875        	(2.668344e-06 1.035232e-07 1.100513e-10)	(2.763237e-06 -3.504828e-08 -1.433965e-11)	(-9.489310e-08 1.385715e-07 1.243910e-10)
1.99375       	(2.421037e-06 7.853691e-08 1.297496e-10)	(2.506657e-06 -4.560265e-08 -1.429173e-11)	(-8.562012e-08 1.241396e-07 1.440413e-10)
2             	(2.330234e-06 2.807336e-07 1.462970e-10)	(2.407566e-06 1.690477e-07 -1.434127e-11)	(-7.733136e-08 1.116859e-07 1.606382e-10)
2.00625       	(2.351222e-06 2.001971e-07 1.643669e-10)	(2.419906e-06 1.003301e-07 -1.432738e-11)	(-6.868404e-08 9.986710e-08 1.786943e-10)
2.0125        	(2.302732e-06 1.116817e-07 1.821479e-10)	(2.363238e-06 2.487583e-08 -1.404949e-11)	(-6.050571e-08 8.680584e-08 1.961974e-10)
2.01875       	(2.247375e-06 1.068319e-07 2.020070e-10)	(2.299613e-06 3.273931e-08 -1.430446e-11)	(-5.223786e-08 7.409261e-08 2.163115e-10)
2.025         	(2.210286e-06 1.369438e-07 2.227408e-10)	(2.254436e-06 7.448460e-08 -1.422903e-11)	(-4.414988e-08 6.245922e-08 2.369698e-10)
2.03125       	(1.961865e-06 1.217179e-07 2.414252e-10)	(1.998989e-06 7.090215e-08 -1.419200e-11)	(-3.712311e-08 5.081574e-08 2.556172e-10)
2.0375        	(2.228458e-06 7.988835e-09 2.590343e-10)	(2.256910e-06 -3.083887e-08 -1.418291e-11)	(-2.845243e-08 3.882771e-08 2.732173e-10)
2.04375       	(2.239239e-06 -7.190146e-08 2.769043e-10)	(2.258283e-06 -9.831264e-08 -1.428507e-11)	(-1.904469e-08 2.641119e-08 2.911894e-10)
2.05          	(1.921043e-06 1.128669e-07 2.957991e-10)	(1.932171e-06 9.849374e-08 -1.434295e-11)	(-1.112891e-08 1.437317e-08 3.101420e-10)
2.05625       	(2.152234e-06 -3.237669e-08 3.138038e-10)	(2.154866e-06 -3.369232e-08 -1.455362e-11)	(-2.631954e-09 1.315625e-09 3.283574e-10)
2.0625        	(1.964984e-06 7.602436e-08 3.320359e-10)	(1.959365e-06 8.742363e-08 -1.478996e-11)	(5.619506e-09 -1.139927e-08 3.468258e-10)
2.06875       	(2.012121e-06 -1.417981e-07 3.484236e-10)	(1.998198e-06 -1.172217e-07 -1.514709e-11)	(1.392230e-08 -2.457633e-08 3.635707e-10)
2.075         	(1.843306e-06 -2.287913e-08 3.678674e-10)	(1.821862e-06 1.356129e-08 -1.554626e-11)	(2.144421e-08 -3.644042e-08 3.834137e-10)
2.08125       	(2.007014e-06 -2.293112e-07 3.847864e-10)	(1.977773e-06 -1.812586e-07 -1.654255e-11)	(2.924127e-08 -4.805266e-08 4.013290e-10)
2.0875        	(1.947831e-06 -2.274796e-07 3.988557e-10)	(1.909266e-06 -1.669314e-07 -2.315891e-11)	(3.856531e-08 -6.054812e-08 4.220146e-10)
2.09375       	(2.505848e-06 -7.222650e-07 4.656637e-10)	(2.445969e-06 -6.395920e-07 7.198385e-12)	(5.987868e-08 -8.267295e-08 4.584653e-10)
2.1           	(1.918711e-06 -3.065386e-07 4.759219e-10)	(1.849432e-06 -2.138214e-07 -7.002180e-12)	(6.927953e-08 -9.271720e-08 4.829240e-10)
2.10625       	(1.915543e-06 -4.532926e-07 4.928144e-10)	(1.843783e-06 -3.553041e-07 -4.240933e-12)	(7.176031e-08 -9.798849e-08 4.970553e-10)
2.1125        	(2.325745e-06 -7.190758e-07 4.996472e-10)	(2.244178e-06 -6.100265e-07 -1.649677e-11)	(8.156684e-08 -1.090493e-07 5.161440e-10)
2.11875       	(2.393632e-06 -7.648948e-07 5.751177e-10)	(2.298570e-06 -6.456609e-07 2.826862e-11)	(9.506198e-08 -1.192339e-07 5.468491e-10)
2.125         	(1.426995e-06 -2.105437e-07 5.488571e-10)	(1.337603e-06 -9.497581e-08 -3.320057e-12)	(8.939255e-08 -1.155678e-07 5.521772e-10)
2.13125       	(1.381233e-06 -2.170882e-07 5.472521e-10)	(1.301619e-06 -1.084221e-07 -5.797439e-12)	(7.961366e-08 -1.086662e-07 5.530495e-10)
2.1375        	(1.779936e-06 -6.839656e-07 5.873763e-10)	(1.693066e-06 -5.682323e-07 3.585371e-12)	(8.686996e-08 -1.157333e-07 5.837909e-10)
2.14375       	(1.764292e-06 -5.187857e-07 6.059249e-10)	(1.666890e-06 -3.953389e-07 -2.320558e-12)	(9.740202e-08 -1.234468e-07 6.082455e-10)
2.15          	(1.842412e-06 -6.641339e-07 6.214043e-10)	(1.737604e-06 -5.362392e-07 -2.931515e-12)	(1.048080e-07 -1.278947e-07 6.243358e-10)
2.15625       	(1.500088e-06 -5.296993e-07 6.377438e-10)	(1.389794e-06 -3.989055e-07 -2.337209e-12)	(1.102941e-07 -1.307938e-07 6.400810e-10)
2.1625        	(1.574959e-06 -6.373623e-07 6.623986e-10)	(1.459379e-06 -5.033658e-07 -8.911257e-13)	(1.155804e-07 -1.339965e-07 6.632897e-10)
2.16875       	(1.548577e-06 -6.094933e-07 6.914224e-10)	(1.425834e-06 -4.717663e-07 -3.672333e-12)	(1.227426e-07 -1.377270e-07 6.950948e-10)
2.175         	(1.385413e-06 -6.188182e-07 6.901412e-10)	(1.256592e-06 -4.788889e-07 3.499792e-12)	(1.288208e-07 -1.399294e-07 6.866415e-10)
2.18125       	(1.716839e-06 -8.002477e-07 7.045014e-10)	(1.586591e-06 -6.567775e-07 1.283913e-12)	(1.302483e-07 -1.434702e-07 7.032175e-10)
2.1875        	(1.570717e-06 -6.506953e-07 7.389288e-10)	(1.439925e-06 -5.039751e-07 1.917866e-12)	(1.307918e-07 -1.467202e-07 7.370109e-10)
2.19375       	(1.522299e-06 -8.064699e-07 7.694466e-10)	(1.388904e-06 -6.561999e-07 1.133065e-12)	(1.333947e-07 -1.502701e-07 7.683136e-10)
2.2           	(1.474378e-06 -8.178711e-07 7.873134e-10)	(1.336728e-06 -6.641508e-07 5.253204e-12)	(1.376499e-07 -1.537203e-07 7.820602e-10)
2.20625       	(1.411867e-06 -9.032270e-07 7.992084e-10)	(1.269679e-06 -7.474938e-07 5.226032e-12)	(1.421880e-07 -1.557331e-07 7.939823e-10)
2.2125        	(1.327193e-06 -8.133958e-07 8.045556e-10)	(1.179417e-06 -6.581262e-07 6.890876e-12)	(1.477758e-07 -1.552696e-07 7.976647e-10)
2.21875       	(1.309021e-06 -1.064678e-06 8.261952e-10)	(1.150289e-06 -9.064676e-07 8.168600e-12)	(1.587325e-07 -1.582099e-07 8.180266e-10)
2.225         	(1.319134e-06 -7.701619e-07 9.166887e-10)	(1.153118e-06 -5.965610e-07 7.328318e-12)	(1.660164e-07 -1.736009e-07 9.093604e-10)
2.23125       	(1.285870e-06 -9.846978e-07 9.022690e-10)	(1.119067e-06 -8.044759e-07 7.713888e-12)	(1.668024e-07 -1.802219e-07 8.945551e-10)
2.2375        	(1.150036e-06 -9.572374e-07 9.128929e-10)	(9.828709e-07 -7.756890e-07 1.586694e-11)	(1.671648e-07 -1.815484e-07 8.970259e-10)
2.24375       	(1.174407e-06 -1.074108e-06 8.790704e-10)	(1.002647e-06 -8.915982e-07 6.856175e-12)	(1.717602e-07 -1.825094e-07 8.722142e-10)
2.25          	(1.040722e-06 -9.788221e-07 9.273691e-10)	(8.644882e-07 -7.915779e-07 1.547148e-11)	(1.762341e-07 -1.872441e-07 9.118977e-10)
2.25625       	(1.161309e-06 -1.199418e-06 9.824799e-10)	(9.824132e-07 -1.006325e-06 1.692152e-11)	(1.788960e-07 -1.930922e-07 9.655583e-10)
2.2625        	(8.896165e-07 -1.113266e-06 9.872750e-10)	(7.078894e-07 -9.158786e-07 1.748795e-11)	(1.817271e-07 -1.973876e-07 9.697871e-10)
2.26875       	(8.829250e-07 -1.099353e-06 1.033072e-09)	(6.982743e-07 -8.999629e-07 2.018409e-11)	(1.846507e-07 -1.993899e-07 1.012888e-09)
2.275         	(8.461704e-07 -1.242389e-06 1.047206e-09)	(6.568264e-07 -1.039383e-06 1.852022e-11)	(1.893440e-07 -2.030066e-07 1.028686e-09)
2.28125       	(7.870518e-07 -1.214386e-06 1.035977e-09)	(5.934183e-07 -1.007823e-06 2.144281e-11)	(1.936335e-07 -2.065628e-07 1.014534e-09)
2.2875        	(6.426513e-07 -1.198052e-06 1.036626e-09)	(4.456597e-07 -9.886710e-07 2.284636e-11)	(1.969916e-07 -2.093810e-07 1.013780e-09)
2.29375       	(7.824190e-07 -1.539494e-06 1.075725e-09)	(5.808639e-07 -1.325228e-06 2.407469e-11)	(2.015551e-07 -2.142656e-07 1.051651e-09)
2.3           	(4.931551e-07 -1.232923e-06 1.113179e-09)	(2.877061e-07 -1.014972e-06 2.503014e-11)	(2.054490e-07 -2.179509e-07 1.088149e-09)
2.30625       	(5.100173e-07 -1.417664e-06 1.126511e-09)	(3.006280e-07 -1.196175e-06 2.709472e-11)	(2.093893e-07 -2.214888e-07 1.099416e-09)
2.3125        	(3.553230e-07 -1.345565e-06 1.143753e-09)	(1.420893e-07 -1.120601e-06 2.810768e-11)	(2.132337e-07 -2.249642e-07 1.115645e-09)
2.31875       	(3.232221e-07 -1.431144e-06 1.171358e-09)	(1.063567e-07 -1.202673e-06 2.926277e-11)	(2.168654e-07 -2.284703e-07 1.142096e-09)
2.325         	(4.412599e-08 -1.440430e-06 1.195941e-09)	(-1.755066e-07 -1.208507e-06 3.058201e-11)	(2.196326e-07 -2.319235e-07 1.165359e-09)
2.33125       	(5.800132e-08 -1.533554e-06 1.211829e-09)	(-1.643420e-07 -1.297554e-06 3.198153e-11)	(2.223433e-07 -2.360000e-07 1.179847e-09)
2.3375        	(-1.124743e-07 -1.435815e-06 1.237709e-09)	(-3.378218e-07 -1.195727e-06 3.647118e-11)	(2.253476e-07 -2.400875e-07 1.201238e-09)
2.34375       	(-1.419761e-07 -1.601591e-06 1.269158e-09)	(-3.709337e-07 -1.356880e-06 3.780696e-11)	(2.289575e-07 -2.447107e-07 1.231351e-09)
2.35          	(-3.280435e-07 -1.641783e-06 1.291172e-09)	(-5.606244e-07 -1.391893e-06 3.882730e-11)	(2.325809e-07 -2.498893e-07 1.252345e-09)
2.35625       	(-4.066099e-07 -1.644543e-06 1.309968e-09)	(-6.421097e-07 -1.389665e-06 4.012689e-11)	(2.354998e-07 -2.548787e-07 1.269841e-09)
2.3625        	(-6.585558e-07 -1.630972e-06 1.330532e-09)	(-8.963161e-07 -1.371299e-06 4.155443e-11)	(2.377603e-07 -2.596724e-07 1.288977e-09)
2.36875       	(-5.952475e-07 -1.789061e-06 1.353731e-09)	(-8.361202e-07 -1.523471e-06 4.401631e-11)	(2.408727e-07 -2.655899e-07 1.309715e-09)
2.375         	(-1.034401e-06 -1.689020e-06 1.378137e-09)	(-1.277427e-06 -1.416663e-06 4.607029e-11)	(2.430259e-07 -2.723574e-07 1.332067e-09)
2.38125       	(-1.021217e-06 -1.848893e-06 1.398297e-09)	(-1.266352e-06 -1.568422e-06 4.807689e-11)	(2.451351e-07 -2.804703e-07 1.350220e-09)
2.3875        	(-1.119938e-06 -1.937037e-06 1.419379e-09)	(-1.368175e-06 -1.647095e-06 4.934275e-11)	(2.482362e-07 -2.899417e-07 1.370037e-09)
2.39375       	(-1.344586e-06 -2.100036e-06 1.445145e-09)	(-1.595365e-06 -1.799178e-06 4.829066e-11)	(2.507785e-07 -3.008576e-07 1.396854e-09)
2.4           	(-1.672228e-06 -1.992198e-06 1.488503e-09)	(-1.923937e-06 -1.679703e-06 5.318830e-11)	(2.517091e-07 -3.124950e-07 1.435315e-09)
2.40625       	(-1.727483e-06 -1.967848e-06 1.541266e-09)	(-1.983855e-06 -1.643403e-06 5.856118e-11)	(2.563716e-07 -3.244444e-07 1.482705e-09)
2.4125        	(-2.075960e-06 -1.844363e-06 1.595100e-09)	(-2.333060e-06 -1.513151e-06 5.996022e-11)	(2.571000e-07 -3.312118e-07 1.535140e-09)
2.41875       	(-2.192498e-06 -1.877574e-06 1.660825e-09)	(-2.449599e-06 -1.538347e-06 6.174865e-11)	(2.571015e-07 -3.392274e-07 1.599076e-09)
2.425         	(-2.410987e-06 -2.192924e-06 1.729288e-09)	(-2.668898e-06 -1.841228e-06 6.493878e-11)	(2.579107e-07 -3.516962e-07 1.664349e-09)
2.43125       	(-2.698873e-06 -2.126114e-06 1.799563e-09)	(-2.956727e-06 -1.760878e-06 6.795609e-11)	(2.578541e-07 -3.652367e-07 1.731607e-09)
2.4375        	(-3.017066e-06 -2.234304e-06 1.873088e-09)	(-3.273808e-06 -1.855148e-06 7.108401e-11)	(2.567413e-07 -3.791562e-07 1.802004e-09)
2.44375       	(-3.181849e-06 -2.262324e-06 1.945757e-09)	(-3.437366e-06 -1.867930e-06 7.409036e-11)	(2.555164e-07 -3.943938e-07 1.871667e-09)
2.45          	(-3.529377e-06 -2.255968e-06 2.019196e-09)	(-3.783144e-06 -1.845378e-06 7.856721e-11)	(2.537665e-07 -4.105895e-07 1.940629e-09)
2.45625       	(-3.761585e-06 -2.301339e-06 2.093101e-09)	(-4.012280e-06 -1.873662e-06 8.294632e-11)	(2.506958e-07 -4.276769e-07 2.010155e-09)
2.4625        	(-4.037735e-06 -2.368987e-06 2.164474e-09)	(-4.284306e-06 -1.922997e-06 8.756107e-11)	(2.465710e-07 -4.459903e-07 2.076913e-09)
2.46875       	(-4.356949e-06 -2.408637e-06 2.227196e-09)	(-4.598522e-06 -1.942890e-06 9.173557e-11)	(2.415725e-07 -4.657473e-07 2.135461e-09)
2.475         	(-4.641205e-06 -2.421804e-06 2.291563e-09)	(-4.876504e-06 -1.934974e-06 9.723203e-11)	(2.352998e-07 -4.868295e-07 2.194331e-09)
2.48125       	(-4.861961e-06 -2.576866e-06 2.358886e-09)	(-5.090307e-06 -2.067197e-06 1.025101e-10)	(2.283464e-07 -5.096695e-07 2.256376e-09)
2.4875        	(-5.328722e-06 -2.560558e-06 2.424538e-09)	(-5.548469e-06 -2.026739e-06 1.078806e-10)	(2.197465e-07 -5.338190e-07 2.316658e-09)
2.49375       	(-5.804172e-06 -2.554374e-06 2.488409e-09)	(-6.013006e-06 -1.995604e-06 1.141416e-10)	(2.088335e-07 -5.587700e-07 2.374267e-09)
2.5           	(-6.157249e-06 -2.636903e-06 2.558610e-09)	(-6.352739e-06 -2.051157e-06 1.205051e-10)	(1.954901e-07 -5.857460e-07 2.438105e-09)
2.50625       	(-6.492475e-06 -2.745281e-06 2.626559e-09)	(-6.672072e-06 -2.130323e-06 1.267814e-10)	(1.795967e-07 -6.149586e-07 2.499777e-09)
2.5125        	(-6.810789e-06 -2.822770e-06 2.694073e-09)	(-6.971004e-06 -2.179587e-06 1.345864e-10)	(1.602144e-07 -6.431838e-07 2.559487e-09)
2.51875       	(-7.245680e-06 -2.898139e-06 2.760803e-09)	(-7.384571e-06 -2.227204e-06 1.414723e-10)	(1.388916e-07 -6.709347e-07 2.619330e-09)
2.525         	(-7.555266e-06 -3.073469e-06 2.824099e-09)	(-7.669675e-06 -2.373492e-06 1.493447e-10)	(1.144083e-07 -6.999772e-07 2.674755e-09)
2.53125       	(-8.128951e-06 -3.220022e-06 2.887368e-09)	(-8.215098e-06 -2.490060e-06 1.574108e-10)	(8.614699e-08 -7.299625e-07 2.729957e-09)
2.5375        	(-8.350589e-06 -3.317069e-06 2.939858e-09)	(-8.406840e-06 -2.557252e-06 1.633780e-10)	(5.625069e-08 -7.598171e-07 2.776480e-09)
2.54375       	(-8.907885e-06 -3.414373e-06 2.978005e-09)	(-8.930434e-06 -2.623655e-06 1.705591e-10)	(2.254934e-08 -7.907175e-07 2.807445e-09)
2.55          	(-9.467842e-06 -3.312930e-06 2.992781e-09)	(-9.450627e-06 -2.492332e-06 1.494593e-10)	(-1.721421e-08 -8.205979e-07 2.843321e-09)
2.55625       	(-1.068598e-05 -2.630688e-06 3.036653e-09)	(-1.061408e-05 -1.789430e-06 1.522257e-10)	(-7.190352e-08 -8.412580e-07 2.884427e-09)
2.5625        	(-1.130646e-05 -2.378799e-06 3.115475e-09)	(-1.118364e-05 -1.508214e-06 1.846111e-10)	(-1.228150e-07 -8.705857e-07 2.930863e-09)
2.56875       	(-1.231735e-05 -2.113162e-06 3.175044e-09)	(-1.215362e-05 -1.194578e-06 2.004834e-10)	(-1.637363e-07 -9.185832e-07 2.974561e-09)
2.575         	(-1.286195e-05 -2.079030e-06 3.224762e-09)	(-1.266605e-05 -1.094116e-06 2.138504e-10)	(-1.958943e-07 -9.849145e-07 3.010911e-09)
2.58125       	(-1.316082e-05 -2.558804e-06 3.250208e-09)	(-1.294725e-05 -1.486252e-06 2.152625e-10)	(-2.135686e-07 -1.072552e-06 3.034946e-09)
2.5875        	(-1.351259e-05 -2.489986e-06 3.269464e-09)	(-1.328331e-05 -1.327821e-06 2.228644e-10)	(-2.292742e-07 -1.162165e-06 3.046599e-09)
2.59375       	(-1.409303e-05 -2.614738e-06 3.275988e-09)	(-1.383951e-05 -1.364565e-06 2.312553e-10)	(-2.535217e-07 -1.250172e-06 3.044733e-09)
2.6           	(-1.443252e-05 -2.592612e-06 3.271329e-09)	(-1.414872e-05 -1.252957e-06 2.345909e-10)	(-2.838023e-07 -1.339654e-06 3.036739e-09)
2.60625       	(-1.498616e-05 -2.718954e-06 3.257009e-09)	(-1.466692e-05 -1.286248e-06 2.396745e-10)	(-3.192365e-07 -1.432706e-06 3.017335e-09)
2.6125        	(-1.538713e-05 -2.732671e-06 3.225987e-09)	(-1.502884e-05 -1.203363e-06 2.468289e-10)	(-3.582876e-07 -1.529308e-06 2.979158e-09)
2.61875       	(-1.580542e-05 -2.735456e-06 3.174123e-09)	(-1.540566e-05 -1.107452e-06 2.512046e-10)	(-3.997589e-07 -1.628004e-06 2.922918e-09)
2.625         	(-1.616236e-05 -2.685446e-06 3.111611e-09)	(-1.571909e-05 -9.567345e-07 2.541101e-10)	(-4.432755e-07 -1.728711e-06 2.857500e-09)
2.63125       	(-1.660387e-05 -2.639814e-06 3.036817e-09)	(-1.611482e-05 -8.065995e-07 2.495587e-10)	(-4.890500e-07 -1.833214e-06 2.787258e-09)
2.6375        	(-1.694462e-05 -2.628408e-06 2.950214e-09)	(-1.641045e-05 -6.883007e-07 2.599938e-10)	(-5.341719e-07 -1.940108e-06 2.690221e-09)
2.64375       	(-1.722269e-05 -2.543810e-06 2.857107e-09)	(-1.664322e-05 -4.933028e-07 2.618510e-10)	(-5.794617e-07 -2.050507e-06 2.595256e-09)
2.65          	(-1.707584e-05 -2.733536e-06 2.816031e-09)	(-1.646388e-05 -5.570279e-07 3.035302e-10)	(-6.119600e-07 -2.176508e-06 2.512501e-09)
2.65625       	(-1.898305e-05 -1.587135e-06 2.525626e-09)	(-1.830504e-05 6.957931e-07 1.667023e-10)	(-6.780036e-07 -2.282928e-06 2.358924e-09)
2.6625        	(-1.715308e-05 -2.890218e-06 2.525884e-09)	(-1.644284e-05 -4.696135e-07 2.631441e-10)	(-7.102413e-07 -2.420605e-06 2.262740e-09)
2.66875       	(-1.816991e-05 -2.637715e-06 2.417630e-09)	(-1.744389e-05 -6.123913e-08 2.466536e-10)	(-7.260195e-07 -2.576476e-06 2.170977e-09)
2.675         	(-1.802891e-05 -2.910083e-06 2.299404e-09)	(-1.727982e-05 -1.779912e-07 2.471851e-10)	(-7.490843e-07 -2.732092e-06 2.052219e-09)
2.68125       	(-1.823967e-05 -2.750011e-06 2.209954e-09)	(-1.746535e-05 1.398741e-07 2.345994e-10)	(-7.743120e-07 -2.889885e-06 1.975354e-09)
2.6875        	(-1.816308e-05 -3.091076e-06 2.126500e-09)	(-1.736671e-05 -4.306323e-08 2.331207e-10)	(-7.963687e-07 -3.048012e-06 1.893379e-09)
2.69375       	(-1.824329e-05 -3.173715e-06 2.050310e-09)	(-1.742195e-05 3.547829e-08 2.141928e-10)	(-8.213365e-07 -3.209193e-06 1.836117e-09)
2.7           	(-1.819891e-05 -3.412735e-06 2.058210e-09)	(-1.735125e-05 -3.519496e-08 2.107021e-10)	(-8.476633e-07 -3.377540e-06 1.847508e-09)
2.70625       	(-1.766745e-05 -3.936097e-06 2.027611e-09)	(-1.681211e-05 -3.911509e-07 2.095664e-10)	(-8.553425e-07 -3.544946e-06 1.818045e-09)
2.7125        	(-1.760410e-05 -4.194816e-06 1.997077e-09)	(-1.676046e-05 -4.806160e-07 2.062954e-10)	(-8.436477e-07 -3.714200e-06 1.790782e-09)
2.71875       	(-1.582525e-05 -4.570112e-06 2.083413e-09)	(-1.503197e-05 -6.564931e-07 1.869892e-10)	(-7.932862e-07 -3.913619e-06 1.896423e-09)
2.725         	(-1.601921e-05 -4.917022e-06 2.231305e-09)	(-1.524841e-05 -8.175976e-07 1.334799e-10)	(-7.707977e-07 -4.099425e-06 2.097825e-09)
2.73125       	(-1.410035e-05 -6.409580e-06 2.155688e-09)	(-1.335647e-05 -2.148049e-06 1.165018e-10)	(-7.438775e-07 -4.261531e-06 2.039186e-09)
2.7375        	(-1.313721e-05 -7.516091e-06 2.221848e-09)	(-1.241515e-05 -3.105911e-06 7.819009e-11)	(-7.220549e-07 -4.410179e-06 2.143658e-09)
2.74375       	(-1.199578e-05 -8.161702e-06 2.539255e-09)	(-1.126035e-05 -3.637649e-06 6.541158e-11)	(-7.354279e-07 -4.524053e-06 2.473844e-09)
2.75          	(-1.103223e-05 -9.073063e-06 2.941783e-09)	(-1.026205e-05 -4.454206e-06 2.734025e-11)	(-7.701809e-07 -4.618857e-06 2.914443e-09)
2.75625       	(-1.095742e-05 -9.053262e-06 3.462314e-09)	(-1.013257e-05 -4.360279e-06 1.794689e-10)	(-8.248440e-07 -4.692983e-06 3.282845e-09)
2.7625        	(-1.133247e-05 -8.677266e-06 3.854610e-09)	(-1.046142e-05 -3.907244e-06 2.266503e-10)	(-8.710497e-07 -4.770022e-06 3.627960e-09)
2.76875       	(-1.023067e-05 -9.146778e-06 4.179957e-09)	(-9.363794e-06 -4.266544e-06 1.576192e-10)	(-8.668749e-07 -4.880234e-06 4.022338e-09)
2.775         	(-1.036520e-05 -9.023349e-06 4.639586e-09)	(-9.520133e-06 -4.018336e-06 2.157183e-10)	(-8.450662e-07 -5.005013e-06 4.423868e-09)
2.78125       	(-9.785333e-06 -9.096192e-06 5.065289e-09)	(-8.972448e-06 -3.960254e-06 2.086734e-10)	(-8.128846e-07 -5.135938e-06 4.856615e-09)
2.7875        	(-9.238690e-06 -9.445423e-06 5.501972e-09)	(-8.472905e-06 -4.168551e-06 2.197919e-10)	(-7.657849e-07 -5.276872e-06 5.282180e-09)
2.79375       	(-8.910065e-06 -9.409461e-06 5.920448e-09)	(-8.197639e-06 -3.989752e-06 2.317801e-10)	(-7.124261e-07 -5.419709e-06 5.688668e-09)
2.8           	(-8.390142e-06 -9.477043e-06 6.283926e-09)	(-7.736353e-06 -3.914141e-06 2.375221e-10)	(-6.537885e-07 -5.562902e-06 6.046403e-09)
2.80625       	(-7.984567e-06 -9.497431e-06 6.593285e-09)	(-7.393702e-06 -3.792498e-06 2.489706e-10)	(-5.908645e-07 -5.704933e-06 6.344314e-09)
2.8125        	(-7.605219e-06 -9.486629e-06 6.914532e-09)	(-7.079585e-06 -3.643954e-06 2.539332e-10)	(-5.256335e-07 -5.842674e-06 6.660599e-09)
2.81875       	(-7.330956e-06 -9.501154e-06 7.169200e-09)	(-6.872951e-06 -3.526839e-06 2.600265e-10)	(-4.580050e-07 -5.974315e-06 6.909173e-09)
2.825         	(-7.197161e-06 -9.457737e-06 7.305775e-09)	(-6.809237e-06 -3.357306e-06 2.656696e-10)	(-3.879235e-07 -6.100430e-06 7.040106e-09)
2.83125       	(-6.877299e-06 -9.186870e-06 7.431062e-09)	(-6.560215e-06 -2.967611e-06 2.709607e-10)	(-3.170836e-07 -6.219260e-06 7.160101e-09)
2.8375        	(-6.445770e-06 -9.242807e-06 7.474145e-09)	(-6.201839e-06 -2.909517e-06 2.765527e-10)	(-2.439312e-07 -6.333290e-06 7.197593e-09)
2.84375       	(-6.737579e-06 -8.895854e-06 7.497980e-09)	(-6.571813e-06 -2.454266e-06 2.897824e-10)	(-1.657665e-07 -6.441588e-06 7.208198e-09)
2.85          	(-6.012221e-06 -9.193761e-06 7.404081e-09)	(-5.944831e-06 -2.630432e-06 2.562883e-10)	(-6.738983e-08 -6.563329e-06 7.147793e-09)
2.85625       	(-6.374583e-06 -8.791176e-06 7.224839e-09)	(-6.420852e-06 -2.101883e-06 2.343030e-10)	(4.626919e-08 -6.689292e-06 6.990536e-09)
2.8625        	(-6.482190e-06 -8.527734e-06 7.043773e-09)	(-6.638791e-06 -1.730719e-06 2.389298e-10)	(1.566011e-07 -6.797015e-06 6.804843e-09)
2.86875       	(-6.251986e-06 -8.752411e-06 6.820680e-09)	(-6.530926e-06 -1.844618e-06 2.785757e-10)	(2.789396e-07 -6.907792e-06 6.542104e-09)
2.875         	(-5.802188e-06 -8.786968e-06 6.597513e-09)	(-6.188426e-06 -1.777888e-06 2.485792e-10)	(3.862373e-07 -7.009081e-06 6.348934e-09)
2.88125       	(-5.646472e-06 -8.780822e-06 6.359821e-09)	(-6.139646e-06 -1.680267e-06 2.441200e-10)	(4.931740e-07 -7.100555e-06 6.115701e-09)
2.8875        	(-5.726784e-06 -9.052266e-06 6.049157e-09)	(-6.309295e-06 -1.879051e-06 2.451302e-10)	(5.825115e-07 -7.173215e-06 5.804027e-09)
2.89375       	(-5.026557e-06 -9.314541e-06 5.663779e-09)	(-5.728819e-06 -2.052941e-06 2.139694e-10)	(7.022624e-07 -7.261601e-06 5.449810e-09)
2.9           	(-5.359489e-06 -9.291976e-06 5.295672e-09)	(-6.168059e-06 -1.957076e-06 2.223358e-10)	(8.085698e-07 -7.334900e-06 5.073336e-09)
2.90625       	(-5.105070e-06 -9.644913e-06 4.949238e-09)	(-6.006556e-06 -2.251165e-06 2.184907e-10)	(9.014860e-07 -7.393748e-06 4.730747e-09)
2.9125        	(-5.155838e-06 -9.819356e-06 4.644596e-09)	(-6.149161e-06 -2.372409e-06 2.143764e-10)	(9.933234e-07 -7.446947e-06 4.430220e-09)
2.91875       	(-5.031149e-06 -9.651776e-06 4.428365e-09)	(-6.112591e-06 -2.157065e-06 2.118284e-10)	(1.081442e-06 -7.494711e-06 4.216536e-09)
2.925         	(-5.164789e-06 -9.796126e-06 4.194273e-09)	(-6.329859e-06 -2.268531e-06 2.079082e-10)	(1.165070e-06 -7.527595e-06 3.986365e-09)
2.93125       	(-4.954238e-06 -1.017655e-05 3.912465e-09)	(-6.198597e-06 -2.624409e-06 2.073837e-10)	(1.244359e-06 -7.552137e-06 3.705081e-09)
2.9375        	(-5.099589e-06 -1.030776e-05 3.821533e-09)	(-6.415951e-06 -2.730364e-06 2.092265e-10)	(1.316363e-06 -7.577401e-06 3.612306e-09)
2.94375       	(-4.929067e-06 -1.051369e-05 3.705206e-09)	(-6.315711e-06 -2.909488e-06 2.080137e-10)	(1.386643e-06 -7.604201e-06 3.497192e-09)
2.95          	(-5.027295e-06 -1.059207e-05 3.610573e-09)	(-6.482681e-06 -2.963945e-06 2.080651e-10)	(1.455386e-06 -7.628126e-06 3.402508e-09)
2.95625       	(-5.382929e-06 -1.045092e-05 3.586387e-09)	(-6.901108e-06 -2.800556e-06 2.100361e-10)	(1.518178e-06 -7.650368e-06 3.376351e-09)
2.9625        	(-5.535218e-06 -1.048944e-05 3.586840e-09)	(-7.109595e-06 -2.818013e-06 2.199981e-10)	(1.574377e-06 -7.671426e-06 3.366842e-09)
2.96875       	(-5.478817e-06 -1.078867e-05 3.531919e-09)	(-7.113816e-06 -3.089400e-06 2.161772e-10)	(1.634999e-06 -7.699271e-06 3.315742e-09)
2.975         	(-6.080349e-06 -1.042511e-05 3.477747e-09)	(-7.769550e-06 -2.699318e-06 2.064568e-10)	(1.689202e-06 -7.725794e-06 3.271290e-09)
2.98125       	(-6.316530e-06 -1.057759e-05 3.446700e-09)	(-8.055776e-06 -2.822662e-06 2.092746e-10)	(1.739245e-06 -7.754925e-06 3.237426e-09)
2.9875        	(-6.624766e-06 -1.059457e-05 3.441743e-09)	(-8.413860e-06 -2.806145e-06 2.168631e-10)	(1.789094e-06 -7.788423e-06 3.224879e-09)
2.99375       	(-6.802707e-06 -1.081164e-05 3.442650e-09)	(-8.641942e-06 -2.984174e-06 2.124918e-10)	(1.839235e-06 -7.827465e-06 3.230158e-09)
3             	(-7.177260e-06 -1.065807e-05 3.446757e-09)	(-9.064557e-06 -2.783583e-06 2.128059e-10)	(1.887297e-06 -7.874482e-06 3.233952e-09)
3.00625       	(-7.667015e-06 -1.062905e-05 3.382751e-09)	(-9.596156e-06 -2.701779e-06 2.108897e-10)	(1.929141e-06 -7.927272e-06 3.171861e-09)
3.0125        	(-8.162029e-06 -1.110942e-05 3.215306e-09)	(-1.013650e-05 -3.137925e-06 2.119227e-10)	(1.974473e-06 -7.971492e-06 3.003383e-09)
3.01875       	(-8.546430e-06 -1.081126e-05 3.072997e-09)	(-1.057392e-05 -2.800209e-06 2.100765e-10)	(2.027490e-06 -8.011053e-06 2.862920e-09)
3.025         	(-9.024374e-06 -1.071737e-05 3.022560e-09)	(-1.110035e-05 -2.656179e-06 2.091139e-10)	(2.075978e-06 -8.061192e-06 2.813446e-09)
3.03125       	(-9.486815e-06 -1.093721e-05 3.000660e-09)	(-1.160056e-05 -2.799143e-06 2.094247e-10)	(2.113743e-06 -8.138071e-06 2.791235e-09)
3.0375        	(-9.768428e-06 -1.103470e-05 2.894305e-09)	(-1.192113e-05 -2.818628e-06 2.054823e-10)	(2.152707e-06 -8.216072e-06 2.688823e-09)
3.04375       	(-1.009291e-05 -1.119095e-05 2.764285e-09)	(-1.228887e-05 -2.891077e-06 2.031826e-10)	(2.195962e-06 -8.299871e-06 2.561103e-09)
3.05          	(-1.090261e-05 -1.111646e-05 2.602303e-09)	(-1.313671e-05 -2.730636e-06 1.994386e-10)	(2.234099e-06 -8.385826e-06 2.402864e-09)
3.05625       	(-1.124316e-05 -1.129693e-05 2.431900e-09)	(-1.351368e-05 -2.825809e-06 1.960220e-10)	(2.270510e-06 -8.471120e-06 2.235878e-09)
3.0625        	(-1.175541e-05 -1.140391e-05 2.251063e-09)	(-1.406387e-05 -2.846691e-06 1.906481e-10)	(2.308451e-06 -8.557214e-06 2.060415e-09)
3.06875       	(-1.202525e-05 -1.164064e-05 2.080603e-09)	(-1.437105e-05 -2.988184e-06 1.928055e-10)	(2.345806e-06 -8.652459e-06 1.887798e-09)
3.075         	(-1.240681e-05 -1.169354e-05 2.034075e-09)	(-1.479075e-05 -2.945692e-06 1.913154e-10)	(2.383934e-06 -8.747852e-06 1.842760e-09)
3.08125       	(-1.285451e-05 -1.221620e-05 1.936546e-09)	(-1.527602e-05 -3.373090e-06 1.859593e-10)	(2.421508e-06 -8.843110e-06 1.750587e-09)
3.0875        	(-1.321442e-05 -1.225570e-05 1.755347e-09)	(-1.567197e-05 -3.311107e-06 1.838766e-10)	(2.457548e-06 -8.944598e-06 1.571471e-09)
3.09375       	(-1.409765e-05 -1.214473e-05 1.571125e-09)	(-1.658994e-05 -3.093689e-06 1.816363e-10)	(2.492285e-06 -9.051038e-06 1.389489e-09)
3.1           	(-1.435535e-05 -1.262294e-05 1.398450e-09)	(-1.688199e-05 -3.461104e-06 1.785146e-10)	(2.526643e-06 -9.161839e-06 1.219935e-09)
3.10625       	(-1.457144e-05 -1.286556e-05 1.207323e-09)	(-1.713102e-05 -3.588479e-06 1.696334e-10)	(2.559576e-06 -9.277081e-06 1.037690e-09)
3.1125        	(-1.487135e-05 -1.347839e-05 1.050432e-09)	(-1.746117e-05 -4.085263e-06 1.742071e-10)	(2.589813e-06 -9.393132e-06 8.762249e-10)
3.11875       	(-1.575995e-05 -1.313078e-05 8.822064e-10)	(-1.837678e-05 -3.619069e-06 1.710072e-10)	(2.616838e-06 -9.511711e-06 7.111993e-10)
3.125         	(-1.596106e-05 -1.340001e-05 7.129092e-10)	(-1.859969e-05 -3.772777e-06 1.787425e-10)	(2.638624e-06 -9.627233e-06 5.341668e-10)
