# Force       
# CofR        : 0.000000e+00 0.000000e+00 0.000000e+00
#
# Time        	total_x total_y total_z	pressure_x pressure_y pressure_z	viscous_x viscous_y viscous_z
0.004166      	-3.958519e-05 -2.484480e-04 9.147292e+01	-4.947094e-05 -2.635685e-04 9.099516e+01	9.885757e-06 1.512050e-05 4.777596e-01
0.008332      	2.011826e-05 -7.836600e-05 -8.640271e+00	6.813384e-06 -1.047524e-04 -8.884323e+00	1.330488e-05 2.638636e-05 2.440523e-01
0.012498      	-1.016036e-05 -3.263217e-05 -1.229078e+01	-2.784693e-05 -6.425268e-05 -1.245403e+01	1.768657e-05 3.162050e-05 1.632559e-01
0.016664      	-1.582757e-05 -1.979770e-05 -1.573297e+00	-4.009499e-05 -5.387072e-05 -1.671000e+00	2.426742e-05 3.407302e-05 9.770279e-02
0.02083       	2.052747e-06 -4.506749e-05 3.423345e-01	-2.488265e-05 -8.068960e-05 2.740775e-01	2.693540e-05 3.562210e-05 6.825700e-02
0.024996      	1.260838e-05 1.699416e-05 -8.456507e-01	-1.373548e-05 -1.812478e-05 -8.993470e-01	2.634386e-05 3.511894e-05 5.369629e-02
0.029162      	3.235056e-07 -1.517756e-06 -7.906797e-01	-2.366095e-05 -3.403191e-05 -8.329065e-01	2.398445e-05 3.251415e-05 4.222676e-02
0.033328      	-4.119997e-06 -1.025021e-05 -7.035223e-01	-2.637909e-05 -4.124722e-05 -7.369303e-01	2.225909e-05 3.099701e-05 3.340795e-02
0.037494      	2.723274e-06 -4.724641e-07 -6.812942e-01	-1.732635e-05 -2.967008e-05 -7.077978e-01	2.004962e-05 2.919762e-05 2.650365e-02
0.04166       	-2.287340e-06 -4.347922e-06 -6.957501e-01	-2.017112e-05 -3.166264e-05 -7.165237e-01	1.788378e-05 2.731472e-05 2.077363e-02
0.045826      	4.624239e-06 3.486304e-06 -7.069407e-01	-1.099310e-05 -2.178343e-05 -7.227974e-01	1.561734e-05 2.526974e-05 1.585673e-02
0.049992      	-2.720707e-07 -1.600369e-06 -7.270507e-01	-1.409194e-05 -2.516653e-05 -7.386474e-01	1.381987e-05 2.356616e-05 1.159670e-02
0.054158      	-4.025146e-07 -7.566639e-07 -7.466991e-01	-1.293877e-05 -2.301602e-05 -7.545731e-01	1.253625e-05 2.225936e-05 7.873950e-03
0.058324      	1.081877e-06 -1.765778e-06 -7.636388e-01	-1.010689e-05 -2.271516e-05 -7.682181e-01	1.118877e-05 2.094938e-05 4.579301e-03
0.06249       	4.572364e-06 3.298002e-06 -7.812722e-01	-5.509747e-06 -1.648866e-05 -7.829211e-01	1.008211e-05 1.978667e-05 1.648891e-03
0.066656      	-3.776931e-07 -2.116619e-06 -8.004692e-01	-9.649637e-06 -2.088487e-05 -7.995098e-01	9.271944e-06 1.876825e-05 -9.593843e-04
0.070822      	5.945521e-07 -1.777270e-06 -8.176374e-01	-7.847584e-06 -1.943937e-05 -8.143519e-01	8.442136e-06 1.766210e-05 -3.285439e-03
0.074988      	3.743379e-06 1.867722e-06 -8.352251e-01	-3.962043e-06 -1.474205e-05 -8.298716e-01	7.705422e-06 1.660978e-05 -5.353499e-03
0.079154      	2.611811e-06 9.854501e-07 -8.482671e-01	-4.609685e-06 -1.472299e-05 -8.410671e-01	7.221495e-06 1.570844e-05 -7.200016e-03
0.08332       	1.236855e-06 -2.106497e-06 -8.620297e-01	-5.548332e-06 -1.694117e-05 -8.531801e-01	6.785187e-06 1.483467e-05 -8.849611e-03
0.087486      	2.722734e-06 4.284302e-07 -8.751553e-01	-3.684977e-06 -1.357381e-05 -8.648342e-01	6.407712e-06 1.400224e-05 -1.032109e-02
0.091652      	3.513909e-06 1.511986e-06 -8.883227e-01	-2.650149e-06 -1.177620e-05 -8.766877e-01	6.164058e-06 1.328819e-05 -1.163508e-02
0.095818      	3.116724e-06 -8.366008e-07 -8.997951e-01	-2.804524e-06 -1.342607e-05 -8.869841e-01	5.921248e-06 1.258947e-05 -1.281106e-02
0.098943      	4.560601e-06 7.105260e-07 -9.107766e-01	-1.030045e-06 -1.147270e-05 -8.972984e-01	5.590646e-06 1.218323e-05 -1.347824e-02
0.102068      	2.507108e-06 -3.330141e-06 -9.145299e-01	-2.924416e-06 -1.519071e-05 -9.003928e-01	5.431523e-06 1.186056e-05 -1.413704e-02
0.105193      	1.142700e-06 -4.079843e-06 -9.206706e-01	-4.212640e-06 -1.555980e-05 -9.058599e-01	5.355340e-06 1.147995e-05 -1.481071e-02
0.108318      	6.174707e-06 1.918414e-06 -9.283646e-01	9.716779e-07 -9.127599e-06 -9.129284e-01	5.203029e-06 1.104601e-05 -1.543623e-02
0.111443      	5.228833e-06 -1.280537e-06 -9.353202e-01	1.702270e-07 -1.191221e-05 -9.193120e-01	5.058606e-06 1.063168e-05 -1.600823e-02
0.114568      	9.797975e-07 -2.201486e-06 -9.403764e-01	-3.993106e-06 -1.243528e-05 -9.238368e-01	4.972904e-06 1.023380e-05 -1.653955e-02
0.117693      	3.150606e-06 -8.648278e-07 -9.462085e-01	-1.754166e-06 -1.070816e-05 -9.291687e-01	4.904773e-06 9.843330e-06 -1.703988e-02
0.120818      	2.868696e-06 -2.533476e-06 -9.514354e-01	-1.931793e-06 -1.195656e-05 -9.339296e-01	4.800489e-06 9.423085e-06 -1.750584e-02
0.123943      	3.696607e-06 -2.622616e-06 -9.566311e-01	-9.983336e-07 -1.166306e-05 -9.386937e-01	4.694941e-06 9.040447e-06 -1.793737e-02
0.127068      	3.222758e-06 -2.878457e-06 -9.616368e-01	-1.355853e-06 -1.157547e-05 -9.432996e-01	4.578611e-06 8.697011e-06 -1.833715e-02
0.130193      	3.539157e-06 -4.126377e-06 -9.669440e-01	-9.576238e-07 -1.255066e-05 -9.482371e-01	4.496781e-06 8.424288e-06 -1.870693e-02
0.133318      	2.802707e-06 -3.703435e-06 -9.692634e-01	-1.624047e-06 -1.179946e-05 -9.502105e-01	4.426754e-06 8.096024e-06 -1.905291e-02
0.136443      	3.732699e-06 -2.719573e-06 -9.727384e-01	-6.105127e-07 -1.047254e-05 -9.533624e-01	4.343212e-06 7.752970e-06 -1.937598e-02
0.139568      	2.933650e-06 -3.350729e-06 -9.764101e-01	-1.313718e-06 -1.079587e-05 -9.567342e-01	4.247368e-06 7.445146e-06 -1.967593e-02
0.142693      	4.188617e-06 -3.918443e-06 -9.804483e-01	4.535528e-08 -1.105854e-05 -9.604970e-01	4.143261e-06 7.140098e-06 -1.995135e-02
0.145818      	2.411579e-06 -5.654125e-06 -9.843607e-01	-1.619982e-06 -1.249984e-05 -9.641541e-01	4.031561e-06 6.845711e-06 -2.020661e-02
0.148943      	3.291200e-06 -3.836759e-06 -9.876077e-01	-6.237506e-07 -1.039948e-05 -9.671636e-01	3.914950e-06 6.562725e-06 -2.044407e-02
0.152068      	1.726093e-06 -6.592799e-06 -9.906126e-01	-2.049203e-06 -1.290897e-05 -9.699480e-01	3.775296e-06 6.316173e-06 -2.066457e-02
0.155193      	3.997718e-06 -3.738448e-06 -9.936518e-01	3.844224e-07 -9.836506e-06 -9.727826e-01	3.613296e-06 6.098058e-06 -2.086925e-02
0.158318      	3.901183e-06 -3.881786e-06 -9.963025e-01	4.673025e-07 -9.727739e-06 -9.752440e-01	3.433880e-06 5.845952e-06 -2.105848e-02
0.161443      	2.149357e-06 -5.912848e-06 -9.988917e-01	-1.189569e-06 -1.168491e-05 -9.776587e-01	3.338927e-06 5.772060e-06 -2.123304e-02
0.164568      	2.656847e-06 -6.652038e-06 -1.001714e+00	-6.349327e-07 -1.243417e-05 -9.803187e-01	3.291780e-06 5.782131e-06 -2.139525e-02
0.167693      	4.501081e-06 -3.209236e-06 -1.003907e+00	1.334605e-06 -8.793834e-06 -9.823607e-01	3.166477e-06 5.584598e-06 -2.154661e-02
0.170818      	3.477989e-06 -5.105432e-06 -1.005546e+00	4.473466e-07 -1.045978e-05 -9.838580e-01	3.030642e-06 5.354349e-06 -2.168819e-02
0.173943      	2.349577e-06 -5.918367e-06 -1.007301e+00	-5.633590e-07 -1.109270e-05 -9.854813e-01	2.912936e-06 5.174330e-06 -2.182005e-02
0.177068      	3.869157e-06 -4.790824e-06 -1.009107e+00	1.083813e-06 -9.783015e-06 -9.871649e-01	2.785344e-06 4.992192e-06 -2.194236e-02
0.180193      	4.190144e-06 -3.941554e-06 -1.010755e+00	1.521220e-06 -8.756535e-06 -9.886988e-01	2.668924e-06 4.814980e-06 -2.205581e-02
0.183318      	2.379711e-06 -6.251394e-06 -1.012910e+00	-2.001682e-07 -1.091189e-05 -9.907489e-01	2.579879e-06 4.660492e-06 -2.216126e-02
0.186443      	-3.255228e-06 -1.322426e-05 -1.014270e+00	-5.877399e-06 -1.788979e-05 -9.920098e-01	2.622171e-06 4.665536e-06 -2.225968e-02
0.189568      	9.391622e-07 -9.104769e-06 -1.015983e+00	-1.704743e-06 -1.376598e-05 -9.936317e-01	2.643905e-06 4.661215e-06 -2.235097e-02
0.192693      	2.027988e-06 -7.850172e-06 -1.017276e+00	-5.618606e-07 -1.238764e-05 -9.948408e-01	2.589848e-06 4.537468e-06 -2.243529e-02
0.195818      	3.323474e-06 -5.954183e-06 -1.018634e+00	7.792405e-07 -1.037797e-05 -9.961200e-01	2.544234e-06 4.423782e-06 -2.251387e-02
0.198943      	-6.491800e-07 -1.006044e-05 -1.019732e+00	-3.243890e-06 -1.448359e-05 -9.971456e-01	2.594710e-06 4.423145e-06 -2.258678e-02
0.202068      	-3.980560e-06 -1.634470e-05 -1.020641e+00	-6.712555e-06 -2.089831e-05 -9.979869e-01	2.731995e-06 4.553608e-06 -2.265380e-02
0.205193      	4.524638e-06 -3.327933e-06 -1.021710e+00	1.791334e-06 -7.788181e-06 -9.989946e-01	2.733304e-06 4.460248e-06 -2.271521e-02
0.208318      	3.376744e-06 -5.002107e-06 -1.022611e+00	6.950507e-07 -9.293696e-06 -9.998385e-01	2.681694e-06 4.291589e-06 -2.277248e-02
0.211443      	3.484575e-06 -5.346209e-06 -1.023460e+00	8.646757e-07 -9.484380e-06 -1.000635e+00	2.619899e-06 4.138171e-06 -2.282480e-02
0.214568      	3.422963e-06 -5.758243e-06 -1.024020e+00	8.653657e-07 -9.753329e-06 -1.001147e+00	2.557598e-06 3.995086e-06 -2.287282e-02
0.217693      	4.299266e-06 -4.922988e-06 -1.024713e+00	1.811713e-06 -8.787046e-06 -1.001795e+00	2.487553e-06 3.864059e-06 -2.291804e-02
0.220818      	7.683034e-07 -7.946793e-06 -1.025365e+00	-1.675695e-06 -1.171117e-05 -1.002404e+00	2.443998e-06 3.764375e-06 -2.296080e-02
0.223943      	1.545778e-06 -9.075383e-06 -1.025630e+00	-8.563234e-07 -1.275504e-05 -1.002631e+00	2.402101e-06 3.679654e-06 -2.299902e-02
0.227068      	4.571163e-06 -4.954813e-06 -1.025959e+00	2.215359e-06 -8.558503e-06 -1.002927e+00	2.355805e-06 3.603690e-06 -2.303144e-02
0.230193      	4.472830e-06 -5.185763e-06 -1.026225e+00	2.148527e-06 -8.731770e-06 -1.003166e+00	2.324303e-06 3.546006e-06 -2.305914e-02
0.233318      	3.382669e-06 -6.989321e-06 -1.026290e+00	1.106301e-06 -1.044802e-05 -1.003206e+00	2.276368e-06 3.458703e-06 -2.308325e-02
0.236443      	3.315660e-06 -6.660391e-06 -1.026474e+00	1.119939e-06 -1.002246e-05 -1.003369e+00	2.195720e-06 3.362067e-06 -2.310484e-02
0.239568      	1.967031e-06 -8.892230e-06 -1.026871e+00	-1.644118e-07 -1.220917e-05 -1.003748e+00	2.131443e-06 3.316940e-06 -2.312313e-02
0.242693      	3.766182e-06 -6.802971e-06 -1.026920e+00	1.684671e-06 -1.010702e-05 -1.003782e+00	2.081512e-06 3.304048e-06 -2.313780e-02
0.245818      	3.611498e-06 -7.165356e-06 -1.027222e+00	1.580969e-06 -1.045659e-05 -1.004071e+00	2.030530e-06 3.291237e-06 -2.315060e-02
0.248943      	3.914523e-06 -6.818754e-06 -1.027129e+00	1.929739e-06 -1.010980e-05 -1.003968e+00	1.984784e-06 3.291046e-06 -2.316072e-02
0.252068      	4.107195e-06 -7.244169e-06 -1.026964e+00	2.162522e-06 -1.053473e-05 -1.003795e+00	1.944673e-06 3.290558e-06 -2.316838e-02
0.255193      	3.391625e-06 -7.371903e-06 -1.026939e+00	1.496876e-06 -1.065884e-05 -1.003768e+00	1.894749e-06 3.286934e-06 -2.317091e-02
0.258318      	3.711001e-06 -7.682607e-06 -1.026793e+00	1.858012e-06 -1.095656e-05 -1.003626e+00	1.852989e-06 3.273950e-06 -2.316784e-02
0.261443      	3.848269e-06 -7.474327e-06 -1.026999e+00	2.041413e-06 -1.076284e-05 -1.003843e+00	1.806856e-06 3.288514e-06 -2.315590e-02
0.264568      	4.206374e-06 -7.749619e-06 -1.026266e+00	2.447355e-06 -1.106504e-05 -1.003118e+00	1.759019e-06 3.315420e-06 -2.314852e-02
0.267693      	3.916811e-06 -7.031943e-06 -1.025893e+00	2.193749e-06 -1.037867e-05 -1.002738e+00	1.723062e-06 3.346732e-06 -2.315469e-02
0.270818      	3.603015e-06 -8.338687e-06 -1.025501e+00	1.911810e-06 -1.170794e-05 -1.002336e+00	1.691204e-06 3.369257e-06 -2.316500e-02
0.273943      	4.818544e-06 -6.789517e-06 -1.025103e+00	3.120460e-06 -1.022481e-05 -1.001932e+00	1.698083e-06 3.435297e-06 -2.317027e-02
0.277068      	4.843488e-06 -6.745642e-06 -1.024714e+00	3.182491e-06 -1.023136e-05 -1.001546e+00	1.660997e-06 3.485714e-06 -2.316874e-02
0.280193      	4.115999e-06 -7.534800e-06 -1.024119e+00	2.531481e-06 -1.099843e-05 -1.000957e+00	1.584518e-06 3.463633e-06 -2.316228e-02
0.283318      	4.386827e-06 -7.602092e-06 -1.023697e+00	2.849510e-06 -1.105325e-05 -1.000542e+00	1.537316e-06 3.451157e-06 -2.315464e-02
0.286443      	4.330714e-06 -8.164883e-06 -1.023113e+00	2.803439e-06 -1.163631e-05 -9.999670e-01	1.527275e-06 3.471429e-06 -2.314605e-02
0.289568      	4.020320e-06 -7.796245e-06 -1.022622e+00	2.518240e-06 -1.128932e-05 -9.994845e-01	1.502080e-06 3.493079e-06 -2.313702e-02
0.292693      	5.677100e-06 -6.196440e-06 -1.021992e+00	4.175926e-06 -9.747368e-06 -9.988675e-01	1.501175e-06 3.550928e-06 -2.312440e-02
0.295818      	4.746932e-06 -7.484509e-06 -1.021284e+00	3.273311e-06 -1.108528e-05 -9.981761e-01	1.473621e-06 3.600770e-06 -2.310756e-02
0.298943      	4.983730e-06 -7.558370e-06 -1.020625e+00	3.534925e-06 -1.120047e-05 -9.975381e-01	1.448805e-06 3.642097e-06 -2.308702e-02
0.302068      	5.523772e-06 -6.861529e-06 -1.019925e+00	4.091381e-06 -1.055928e-05 -9.968619e-01	1.432391e-06 3.697749e-06 -2.306260e-02
0.305193      	5.478180e-06 -7.435056e-06 -1.019125e+00	4.064532e-06 -1.118824e-05 -9.960907e-01	1.413647e-06 3.753183e-06 -2.303425e-02
0.308318      	4.762837e-06 -8.369386e-06 -1.018438e+00	3.378911e-06 -1.216416e-05 -9.954351e-01	1.383926e-06 3.794779e-06 -2.300249e-02
0.311443      	5.557719e-06 -7.885302e-06 -1.017583e+00	4.199978e-06 -1.172266e-05 -9.946157e-01	1.357741e-06 3.837363e-06 -2.296684e-02
0.314568      	5.279027e-06 -7.715152e-06 -1.016810e+00	3.949086e-06 -1.160534e-05 -9.938821e-01	1.329941e-06 3.890185e-06 -2.292830e-02
0.317693      	5.737470e-06 -7.159136e-06 -1.015942e+00	4.427976e-06 -1.111117e-05 -9.930551e-01	1.309494e-06 3.952033e-06 -2.288675e-02
0.320818      	5.728920e-06 -7.260557e-06 -1.015066e+00	4.425905e-06 -1.127527e-05 -9.922248e-01	1.303015e-06 4.014716e-06 -2.284142e-02
0.323943      	5.302464e-06 -7.114807e-06 -1.014172e+00	4.010134e-06 -1.120023e-05 -9.913795e-01	1.292330e-06 4.085425e-06 -2.279235e-02
0.327068      	6.423380e-06 -6.540705e-06 -1.013275e+00	5.140941e-06 -1.070689e-05 -9.905347e-01	1.282439e-06 4.166186e-06 -2.274024e-02
0.330193      	5.674911e-06 -7.942914e-06 -1.012204e+00	4.410973e-06 -1.217784e-05 -9.895193e-01	1.263939e-06 4.234924e-06 -2.268466e-02
0.333318      	6.355758e-06 -6.716268e-06 -1.011249e+00	5.107243e-06 -1.102802e-05 -9.886231e-01	1.248515e-06 4.311749e-06 -2.262566e-02
0.336443      	6.009865e-06 -7.161453e-06 -1.010151e+00	4.780060e-06 -1.155203e-05 -9.875877e-01	1.229805e-06 4.390576e-06 -2.256333e-02
0.339568      	6.554950e-06 -7.658426e-06 -1.009087e+00	5.343241e-06 -1.212038e-05 -9.865894e-01	1.211709e-06 4.461958e-06 -2.249748e-02
0.342693      	6.732231e-06 -6.158662e-06 -1.007957e+00	5.538270e-06 -1.070853e-05 -9.855288e-01	1.193961e-06 4.549867e-06 -2.242789e-02
0.345818      	6.845769e-06 -6.721212e-06 -1.006743e+00	5.665183e-06 -1.136797e-05 -9.843878e-01	1.180586e-06 4.646758e-06 -2.235488e-02
0.348943      	6.567921e-06 -6.938479e-06 -1.005615e+00	5.413902e-06 -1.166954e-05 -9.833359e-01	1.154019e-06 4.731065e-06 -2.227867e-02
0.352068      	6.039397e-06 -7.883031e-06 -1.004414e+00	4.911883e-06 -1.269851e-05 -9.822150e-01	1.127514e-06 4.815479e-06 -2.219909e-02
0.355193      	6.801291e-06 -6.973331e-06 -1.003214e+00	5.697503e-06 -1.188455e-05 -9.810980e-01	1.103788e-06 4.911218e-06 -2.211642e-02
0.358318      	6.376212e-06 -6.777216e-06 -1.001872e+00	5.304531e-06 -1.178964e-05 -9.798414e-01	1.071681e-06 5.012421e-06 -2.203094e-02
0.361443      	7.524420e-06 -6.592178e-06 -1.000544e+00	6.493157e-06 -1.170252e-05 -9.786016e-01	1.031263e-06 5.110345e-06 -2.194270e-02
0.364568      	6.734379e-06 -6.388765e-06 -9.910745e-01	5.745383e-06 -1.160063e-05 -9.692317e-01	9.889959e-07 5.211862e-06 -2.184274e-02
0.367693      	6.452413e-06 -6.539218e-06 -9.982101e-01	5.492386e-06 -1.187322e-05 -9.764625e-01	9.600275e-07 5.334001e-06 -2.174761e-02
0.370818      	8.687384e-06 -4.504805e-06 -9.970185e-01	7.798285e-06 -9.905480e-06 -9.753641e-01	8.890989e-07 5.400675e-06 -2.165442e-02
0.373943      	6.876358e-06 -6.518787e-06 -9.956039e-01	6.034891e-06 -1.201266e-05 -9.740469e-01	8.414671e-07 5.493870e-06 -2.155704e-02
0.377068      	6.831244e-06 -5.734051e-06 -9.941674e-01	6.008385e-06 -1.134313e-05 -9.727115e-01	8.228589e-07 5.609075e-06 -2.145584e-02
0.380193      	9.976598e-06 -5.533169e-06 -9.925421e-01	9.241985e-06 -1.121327e-05 -9.711916e-01	7.346126e-07 5.680102e-06 -2.135053e-02
0.383318      	3.344217e-06 -7.239678e-06 -9.910214e-01	2.585047e-06 -1.302927e-05 -9.697799e-01	7.591700e-07 5.789593e-06 -2.124153e-02
0.386443      	7.114686e-06 -5.763141e-06 -9.892283e-01	6.314905e-06 -1.168297e-05 -9.680996e-01	7.997812e-07 5.919824e-06 -2.112877e-02
0.389568      	6.692726e-06 -5.014675e-06 -9.873534e-01	5.894083e-06 -1.105810e-05 -9.663411e-01	7.986436e-07 6.043421e-06 -2.101235e-02
0.392693      	5.638024e-06 -5.853868e-06 -9.855041e-01	4.831139e-06 -1.202686e-05 -9.646120e-01	8.068854e-07 6.172993e-06 -2.089210e-02
0.395818      	6.740326e-06 -4.241784e-06 -9.834876e-01	5.959612e-06 -1.051437e-05 -9.627185e-01	7.807138e-07 6.272581e-06 -2.076906e-02
0.398943      	5.705333e-06 -6.231140e-06 -9.814741e-01	4.959864e-06 -1.258835e-05 -9.608306e-01	7.454690e-07 6.357213e-06 -2.064344e-02
0.402068      	5.706629e-06 -5.451990e-06 -9.793080e-01	4.966219e-06 -1.191591e-05 -9.587940e-01	7.404098e-07 6.463917e-06 -2.051402e-02
0.405193      	5.914056e-06 -4.584302e-06 -9.770539e-01	5.158691e-06 -1.117581e-05 -9.566737e-01	7.553654e-07 6.591513e-06 -2.038028e-02
0.408318      	5.522184e-06 -5.098745e-06 -9.746057e-01	4.754539e-06 -1.181338e-05 -9.543636e-01	7.676453e-07 6.714636e-06 -2.024212e-02
0.411443      	6.036306e-06 -3.883398e-06 -9.721390e-01	5.251154e-06 -1.072957e-05 -9.520398e-01	7.851517e-07 6.846167e-06 -2.009922e-02
0.414568      	4.757446e-06 -5.514414e-06 -9.694698e-01	3.957728e-06 -1.248644e-05 -9.495182e-01	7.997185e-07 6.972028e-06 -1.995160e-02
0.417693      	5.380135e-06 -4.264728e-06 -9.667089e-01	4.562817e-06 -1.136591e-05 -9.469095e-01	8.173181e-07 7.101178e-06 -1.979939e-02
0.420818      	5.213989e-06 -3.817071e-06 -9.637308e-01	4.379516e-06 -1.104935e-05 -9.440883e-01	8.344729e-07 7.232279e-06 -1.964252e-02
0.423943      	4.921697e-06 -4.136940e-06 -9.607452e-01	4.073520e-06 -1.149420e-05 -9.412642e-01	8.481764e-07 7.357260e-06 -1.948096e-02
0.427068      	5.028516e-06 -3.278199e-06 -9.574855e-01	4.163478e-06 -1.076470e-05 -9.381707e-01	8.650379e-07 7.486498e-06 -1.931484e-02
0.430193      	5.025217e-06 -3.206345e-06 -9.541166e-01	4.138387e-06 -1.081990e-05 -9.349724e-01	8.868295e-07 7.613555e-06 -1.914421e-02
0.433318      	4.477324e-06 -3.394897e-06 -9.505755e-01	3.571968e-06 -1.113518e-05 -9.316062e-01	9.053561e-07 7.740280e-06 -1.896929e-02
0.436443      	5.534371e-06 -1.576570e-06 -9.469156e-01	4.605113e-06 -9.453041e-06 -9.281250e-01	9.292581e-07 7.876472e-06 -1.879055e-02
0.439568      	5.956797e-06 -1.509302e-06 -9.430494e-01	5.044035e-06 -9.492764e-06 -9.244411e-01	9.127624e-07 7.983463e-06 -1.860828e-02
0.442693      	2.295329e-06 -2.403398e-06 -9.389423e-01	1.315221e-06 -1.051364e-05 -9.205195e-01	9.801079e-07 8.110245e-06 -1.842274e-02
0.445818      	3.381737e-06 -1.596643e-06 -9.345441e-01	2.277028e-06 -9.878194e-06 -9.163091e-01	1.104709e-06 8.281552e-06 -1.823501e-02
0.448943      	4.315778e-06 -5.096906e-07 -9.301487e-01	3.111840e-06 -8.951884e-06 -9.121033e-01	1.203938e-06 8.442194e-06 -1.804538e-02
0.452068      	4.313764e-06 3.815308e-08 -9.254530e-01	3.015687e-06 -8.547599e-06 -9.075989e-01	1.298077e-06 8.585752e-06 -1.785410e-02
0.455193      	3.953352e-06 1.405069e-07 -9.206398e-01	2.560510e-06 -8.572415e-06 -9.029777e-01	1.392842e-06 8.712922e-06 -1.766205e-02
0.458318      	3.761512e-06 1.012592e-06 -9.157327e-01	2.280416e-06 -7.824551e-06 -8.982629e-01	1.481096e-06 8.837142e-06 -1.746983e-02
0.461443      	3.676324e-06 5.961864e-07 -9.105263e-01	2.107778e-06 -8.343710e-06 -8.932483e-01	1.568546e-06 8.939896e-06 -1.727797e-02
0.464568      	3.586586e-06 8.141132e-07 -9.052274e-01	1.929781e-06 -8.222248e-06 -8.881400e-01	1.656805e-06 9.036361e-06 -1.708738e-02
0.467693      	2.023302e-06 -2.393612e-07 -8.998017e-01	2.271182e-07 -9.450246e-06 -8.829029e-01	1.796184e-06 9.210885e-06 -1.689876e-02
0.470818      	1.382681e-06 -4.377498e-08 -8.942309e-01	-5.983499e-07 -9.393283e-06 -8.775179e-01	1.981031e-06 9.349508e-06 -1.671295e-02
0.473943      	3.972056e-06 4.519842e-06 -8.884485e-01	1.815909e-06 -4.934844e-06 -8.719176e-01	2.156148e-06 9.454686e-06 -1.653087e-02
0.477068      	3.027052e-06 2.792166e-06 -8.823884e-01	7.357963e-07 -6.734396e-06 -8.660349e-01	2.291256e-06 9.526562e-06 -1.635344e-02
0.480193      	3.017427e-06 3.818791e-06 -8.762470e-01	5.956138e-07 -5.769914e-06 -8.600654e-01	2.421813e-06 9.588704e-06 -1.618158e-02
0.483318      	2.344924e-06 3.297902e-06 -8.699814e-01	-2.067286e-07 -6.344989e-06 -8.539655e-01	2.551653e-06 9.642890e-06 -1.601588e-02
0.486443      	1.924866e-06 3.099391e-06 -8.635903e-01	-7.625970e-07 -6.586687e-06 -8.477332e-01	2.687463e-06 9.686077e-06 -1.585717e-02
0.489568      	3.153835e-06 4.949930e-06 -8.570476e-01	3.133465e-07 -4.785546e-06 -8.413414e-01	2.840488e-06 9.735476e-06 -1.570625e-02
0.492693      	2.235934e-06 4.445237e-06 -8.503951e-01	-7.617694e-07 -5.336601e-06 -8.348310e-01	2.997703e-06 9.781838e-06 -1.556401e-02
0.495818      	2.578032e-06 5.944007e-06 -8.436440e-01	-5.787259e-07 -3.882192e-06 -8.282129e-01	3.156758e-06 9.826199e-06 -1.543112e-02
0.498943      	1.858099e-06 5.549267e-06 -8.368144e-01	-1.459520e-06 -4.324206e-06 -8.215063e-01	3.317619e-06 9.873473e-06 -1.530809e-02
0.502068      	1.757782e-06 5.562255e-06 -8.299103e-01	-1.717178e-06 -4.346391e-06 -8.147149e-01	3.474960e-06 9.908646e-06 -1.519543e-02
0.505193      	1.787083e-06 5.972370e-06 -8.229311e-01	-1.844608e-06 -3.961679e-06 -8.078375e-01	3.631691e-06 9.934049e-06 -1.509354e-02
0.508318      	1.467830e-06 5.956882e-06 -8.158963e-01	-2.318615e-06 -3.995011e-06 -8.008933e-01	3.786445e-06 9.951893e-06 -1.500296e-02
0.511443      	1.666975e-06 7.017470e-06 -8.088684e-01	-2.276258e-06 -2.957475e-06 -7.939443e-01	3.943232e-06 9.974945e-06 -1.492414e-02
0.514568      	1.778586e-06 7.244903e-06 -8.018078e-01	-2.324090e-06 -2.752424e-06 -7.869504e-01	4.102676e-06 9.997327e-06 -1.485744e-02
0.517693      	2.536374e-06 9.878514e-06 -7.947356e-01	-1.723325e-06 -1.426099e-07 -7.799326e-01	4.259699e-06 1.002112e-05 -1.480303e-02
0.520818      	1.150395e-06 6.013708e-06 -7.876616e-01	-3.252718e-06 -4.002827e-06 -7.729008e-01	4.403113e-06 1.001654e-05 -1.476078e-02
0.523943      	1.338007e-06 7.105370e-06 -7.806072e-01	-3.187973e-06 -2.887462e-06 -7.658765e-01	4.525980e-06 9.992832e-06 -1.473070e-02
0.527068      	1.139554e-06 7.663536e-06 -7.735770e-01	-3.517251e-06 -2.324495e-06 -7.588639e-01	4.656805e-06 9.988031e-06 -1.471310e-02
0.530193      	1.712135e-06 8.541508e-06 -7.665883e-01	-3.077435e-06 -1.451895e-06 -7.518806e-01	4.789570e-06 9.993404e-06 -1.470769e-02
0.533318      	-7.460878e-07 6.991790e-06 -7.596427e-01	-5.713164e-06 -3.028754e-06 -7.449286e-01	4.967076e-06 1.002054e-05 -1.471407e-02
0.536443      	1.023189e-06 8.449872e-06 -7.527644e-01	-4.111637e-06 -1.601229e-06 -7.380320e-01	5.134826e-06 1.005110e-05 -1.473240e-02
0.539568      	-8.364628e-07 6.933107e-06 -7.459664e-01	-6.126489e-06 -3.137316e-06 -7.312041e-01	5.290026e-06 1.007042e-05 -1.476236e-02
0.542693      	2.467491e-08 8.381446e-06 -7.392243e-01	-5.411627e-06 -1.720629e-06 -7.244209e-01	5.436301e-06 1.010207e-05 -1.480340e-02
0.545818      	-5.813138e-08 6.399575e-06 -7.325757e-01	-5.613170e-06 -3.720430e-06 -7.177207e-01	5.555039e-06 1.012001e-05 -1.485505e-02
0.548943      	1.398661e-07 8.202454e-06 -7.260321e-01	-5.491409e-06 -1.905815e-06 -7.111156e-01	5.631275e-06 1.010827e-05 -1.491649e-02
0.552068      	-2.455553e-06 6.038865e-06 -7.195755e-01	-8.175767e-06 -4.063593e-06 -7.045883e-01	5.720213e-06 1.010246e-05 -1.498713e-02
0.555193      	-7.083241e-07 6.588806e-06 -7.131936e-01	-6.510530e-06 -3.517270e-06 -6.981272e-01	5.802206e-06 1.010608e-05 -1.506637e-02
0.558318      	-4.929094e-07 7.466295e-06 -7.068919e-01	-6.340549e-06 -2.637645e-06 -6.917385e-01	5.847640e-06 1.010394e-05 -1.515336e-02
0.561443      	-1.525725e-06 6.353077e-06 -7.007177e-01	-7.407388e-06 -3.751864e-06 -6.854709e-01	5.881663e-06 1.010494e-05 -1.524688e-02
0.564568      	-8.948258e-07 6.831798e-06 -6.945936e-01	-6.794980e-06 -3.251134e-06 -6.792477e-01	5.900154e-06 1.008293e-05 -1.534584e-02
0.567693      	-9.243952e-07 5.247187e-06 -6.885556e-01	-6.828258e-06 -4.777837e-06 -6.731059e-01	5.903863e-06 1.002502e-05 -1.544966e-02
0.570818      	-1.646856e-06 8.065503e-06 -6.826393e-01	-7.549193e-06 -1.944593e-06 -6.670821e-01	5.902338e-06 1.001010e-05 -1.555722e-02
0.573943      	-1.722249e-06 4.766825e-06 -6.767883e-01	-7.636985e-06 -5.230407e-06 -6.611211e-01	5.914736e-06 9.997232e-06 -1.566716e-02
0.577068      	-1.899715e-06 5.859443e-06 -6.710147e-01	-7.824005e-06 -4.129851e-06 -6.552364e-01	5.924290e-06 9.989295e-06 -1.577834e-02
0.580193      	-1.805927e-06 5.565775e-06 -6.652908e-01	-7.725732e-06 -4.416385e-06 -6.494012e-01	5.919805e-06 9.982159e-06 -1.588960e-02
0.583318      	-2.107803e-06 4.633341e-06 -6.595803e-01	-8.017419e-06 -5.336856e-06 -6.435804e-01	5.909617e-06 9.970198e-06 -1.599987e-02
0.586443      	-2.462538e-06 4.579221e-06 -6.539410e-01	-8.359314e-06 -5.385878e-06 -6.378330e-01	5.896775e-06 9.965099e-06 -1.610797e-02
0.589568      	-2.449509e-06 4.249943e-06 -6.483189e-01	-8.329223e-06 -5.709792e-06 -6.321062e-01	5.879714e-06 9.959735e-06 -1.621272e-02
0.592693      	-2.653991e-06 3.960092e-06 -6.427026e-01	-8.506591e-06 -5.988832e-06 -6.263894e-01	5.852600e-06 9.948924e-06 -1.631328e-02
0.595818      	-2.910068e-06 3.389868e-06 -6.371139e-01	-8.726609e-06 -6.542530e-06 -6.207052e-01	5.816541e-06 9.932398e-06 -1.640873e-02
0.598943      	-3.040151e-06 3.858532e-06 -6.314793e-01	-8.814975e-06 -6.059262e-06 -6.149812e-01	5.774824e-06 9.917794e-06 -1.649812e-02
0.602068      	-2.979710e-06 3.437772e-06 -6.259000e-01	-8.709829e-06 -6.462635e-06 -6.093194e-01	5.730119e-06 9.900408e-06 -1.658066e-02
0.605193      	-3.221933e-06 2.598636e-06 -6.202783e-01	-8.898379e-06 -7.274853e-06 -6.036227e-01	5.676446e-06 9.873489e-06 -1.665562e-02
0.608318      	-3.021185e-06 3.106953e-06 -6.146435e-01	-8.642033e-06 -6.743704e-06 -5.979213e-01	5.620847e-06 9.850658e-06 -1.672223e-02
0.611443      	-3.114463e-06 2.416258e-06 -6.089516e-01	-8.682691e-06 -7.414024e-06 -5.921718e-01	5.568228e-06 9.830282e-06 -1.677982e-02
0.614568      	-3.382664e-06 2.395467e-06 -6.032396e-01	-8.894041e-06 -7.411071e-06 -5.864116e-01	5.511377e-06 9.806538e-06 -1.682803e-02
0.617693      	-3.128451e-06 2.128507e-06 -5.974579e-01	-8.583836e-06 -7.655647e-06 -5.805913e-01	5.455384e-06 9.784154e-06 -1.686660e-02
0.620818      	-3.161700e-06 1.930489e-06 -5.916280e-01	-8.559730e-06 -7.830187e-06 -5.747327e-01	5.398029e-06 9.760675e-06 -1.689534e-02
0.623943      	-3.164752e-06 1.727418e-06 -5.857584e-01	-8.503470e-06 -8.008351e-06 -5.688446e-01	5.338717e-06 9.735769e-06 -1.691385e-02
0.627068      	-3.189113e-06 1.733142e-06 -5.798195e-01	-8.470210e-06 -7.978281e-06 -5.628976e-01	5.281097e-06 9.711423e-06 -1.692197e-02
0.630193      	-3.079948e-06 1.652348e-06 -5.738126e-01	-8.303640e-06 -8.031271e-06 -5.568931e-01	5.223692e-06 9.683619e-06 -1.691949e-02
0.633318      	-3.246156e-06 1.275905e-06 -5.677174e-01	-8.413979e-06 -8.379746e-06 -5.508113e-01	5.167823e-06 9.655652e-06 -1.690619e-02
0.636443      	-3.320774e-06 8.364513e-07 -5.616385e-01	-8.436293e-06 -8.793001e-06 -5.447566e-01	5.115519e-06 9.629452e-06 -1.688181e-02
0.639568      	-3.582895e-06 7.132137e-07 -5.554388e-01	-8.649159e-06 -8.893106e-06 -5.385925e-01	5.066264e-06 9.606320e-06 -1.684624e-02
0.642693      	-3.498938e-06 4.536517e-07 -5.492193e-01	-8.515819e-06 -9.127985e-06 -5.324194e-01	5.016880e-06 9.581637e-06 -1.679987e-02
0.645818      	-3.118460e-06 4.815442e-07 -5.428854e-01	-8.086003e-06 -9.071317e-06 -5.261429e-01	4.967543e-06 9.552861e-06 -1.674250e-02
0.648943      	-3.263386e-06 4.021975e-07 -5.364792e-01	-8.185052e-06 -9.123125e-06 -5.198050e-01	4.921666e-06 9.525322e-06 -1.667426e-02
0.652068      	-3.298865e-06 2.959680e-07 -5.299980e-01	-8.175365e-06 -9.204413e-06 -5.134025e-01	4.876499e-06 9.500381e-06 -1.659546e-02
0.655193      	-3.309024e-06 -1.492334e-07 -5.234674e-01	-8.144009e-06 -9.624427e-06 -5.069613e-01	4.834986e-06 9.475193e-06 -1.650613e-02
0.658318      	-3.278882e-06 1.186833e-07 -5.168225e-01	-8.072263e-06 -9.329644e-06 -5.004162e-01	4.793381e-06 9.448327e-06 -1.640629e-02
0.661443      	-3.176986e-06 -5.718959e-07 -5.101095e-01	-7.934417e-06 -9.992141e-06 -4.938131e-01	4.757431e-06 9.420245e-06 -1.629645e-02
0.664568      	-3.332669e-06 -5.352544e-07 -5.033328e-01	-8.055647e-06 -9.928896e-06 -4.871562e-01	4.722978e-06 9.393642e-06 -1.617658e-02
0.667693      	-3.312225e-06 -7.007901e-07 -4.964696e-01	-8.001374e-06 -1.006755e-05 -4.804226e-01	4.689149e-06 9.366756e-06 -1.604702e-02
0.670818      	-3.243402e-06 -9.896137e-07 -4.895345e-01	-7.902125e-06 -1.032695e-05 -4.736261e-01	4.658723e-06 9.337334e-06 -1.590838e-02
0.673943      	-3.375318e-06 -8.964076e-07 -4.825480e-01	-8.004340e-06 -1.020857e-05 -4.667871e-01	4.629022e-06 9.312161e-06 -1.576094e-02
0.677068      	-3.267923e-06 -1.268235e-06 -4.756469e-01	-7.870063e-06 -1.055225e-05 -4.600423e-01	4.602140e-06 9.284013e-06 -1.560458e-02
0.680193      	-3.283010e-06 -1.165788e-06 -4.685435e-01	-7.857904e-06 -1.041764e-05 -4.531040e-01	4.574894e-06 9.251852e-06 -1.543953e-02
0.683318      	-2.883329e-06 -1.350132e-06 -4.613679e-01	-7.427408e-06 -1.056782e-05 -4.461018e-01	4.544078e-06 9.217687e-06 -1.526614e-02
0.686443      	-2.959566e-06 -1.600692e-06 -4.541363e-01	-7.472042e-06 -1.078838e-05 -4.390514e-01	4.512477e-06 9.187692e-06 -1.508491e-02
0.689568      	-3.317438e-06 -1.743801e-06 -4.468360e-01	-7.806747e-06 -1.090375e-05 -4.319397e-01	4.489308e-06 9.159946e-06 -1.489633e-02
0.692693      	-2.907483e-06 -1.474679e-06 -4.394993e-01	-7.372765e-06 -1.059935e-05 -4.247986e-01	4.465282e-06 9.124674e-06 -1.470067e-02
0.695818      	-2.003498e-06 -9.656246e-07 -4.320660e-01	-6.424743e-06 -1.003696e-05 -4.175677e-01	4.421245e-06 9.071340e-06 -1.449830e-02
0.698943      	-2.212727e-06 -1.482067e-06 -4.246053e-01	-6.588679e-06 -1.049729e-05 -4.103158e-01	4.375952e-06 9.015221e-06 -1.428949e-02
0.702068      	-2.439269e-06 -1.538456e-06 -4.170956e-01	-6.782139e-06 -1.050514e-05 -4.030206e-01	4.342870e-06 8.966686e-06 -1.407496e-02
0.705193      	-2.355873e-06 -1.949030e-06 -4.095486e-01	-6.662438e-06 -1.086144e-05 -3.956936e-01	4.306566e-06 8.912414e-06 -1.385506e-02
0.708318      	-2.309578e-06 -1.543631e-06 -4.019154e-01	-6.590542e-06 -1.041344e-05 -3.882855e-01	4.280964e-06 8.869805e-06 -1.362998e-02
0.711443      	-2.300806e-06 -2.155827e-06 -3.941558e-01	-6.563610e-06 -1.098039e-05 -3.807556e-01	4.262804e-06 8.824560e-06 -1.340020e-02
0.714568      	-2.291010e-06 -1.781828e-06 -3.865716e-01	-6.534825e-06 -1.056510e-05 -3.734057e-01	4.243814e-06 8.783270e-06 -1.316589e-02
0.717693      	-2.183304e-06 -1.854160e-06 -3.788744e-01	-6.397639e-06 -1.058719e-05 -3.659473e-01	4.214336e-06 8.733027e-06 -1.292706e-02
0.720818      	-1.861563e-06 -2.355208e-06 -3.712653e-01	-6.048674e-06 -1.104318e-05 -3.585812e-01	4.187111e-06 8.687975e-06 -1.268411e-02
0.723943      	-2.386638e-06 -2.322299e-06 -3.633751e-01	-6.558743e-06 -1.096418e-05 -3.509375e-01	4.172105e-06 8.641882e-06 -1.243767e-02
0.727068      	-2.201660e-06 -2.272929e-06 -3.554384e-01	-6.356502e-06 -1.086459e-05 -3.432504e-01	4.154841e-06 8.591660e-06 -1.218796e-02
0.730193      	-7.002603e-07 -1.157702e-06 -3.476026e-01	-4.816621e-06 -9.685637e-06 -3.356674e-01	4.116361e-06 8.527934e-06 -1.193519e-02
0.733318      	-1.870801e-06 -2.311680e-06 -3.396831e-01	-5.957483e-06 -1.078231e-05 -3.280034e-01	4.086682e-06 8.470628e-06 -1.167962e-02
0.736443      	-1.976685e-06 -2.352187e-06 -3.316770e-01	-6.044195e-06 -1.076449e-05 -3.202556e-01	4.067510e-06 8.412305e-06 -1.142144e-02
0.739568      	-1.572052e-06 -2.293372e-06 -3.237182e-01	-5.620549e-06 -1.065074e-05 -3.125573e-01	4.048497e-06 8.357369e-06 -1.116094e-02
0.742693      	-1.939038e-06 -2.561617e-06 -3.156799e-01	-5.973762e-06 -1.086592e-05 -3.047814e-01	4.034724e-06 8.304307e-06 -1.089847e-02
0.745818      	-1.754715e-06 -2.455734e-06 -3.076115e-01	-5.777032e-06 -1.070768e-05 -2.969771e-01	4.022317e-06 8.251949e-06 -1.063440e-02
0.748943      	-1.640898e-06 -2.385902e-06 -2.995397e-01	-5.650148e-06 -1.058682e-05 -2.891708e-01	4.009250e-06 8.200920e-06 -1.036896e-02
0.752068      	-1.998448e-06 -3.016138e-06 -2.913909e-01	-5.990904e-06 -1.115711e-05 -2.812886e-01	3.992456e-06 8.140974e-06 -1.010228e-02
0.755193      	-1.737277e-06 -2.731970e-06 -2.830903e-01	-5.712595e-06 -1.081307e-05 -2.732558e-01	3.975318e-06 8.081104e-06 -9.834428e-03
0.758318      	-1.719084e-06 -2.737965e-06 -2.752410e-01	-5.679781e-06 -1.076275e-05 -2.656756e-01	3.960698e-06 8.024785e-06 -9.565440e-03
0.761443      	-1.606518e-06 -2.641672e-06 -2.671885e-01	-5.554035e-06 -1.060961e-05 -2.578929e-01	3.947517e-06 7.967942e-06 -9.295640e-03
0.764568      	-1.646516e-06 -2.847355e-06 -2.590886e-01	-5.579361e-06 -1.075530e-05 -2.500632e-01	3.932845e-06 7.907944e-06 -9.025455e-03
0.767693      	-1.592301e-06 -2.912300e-06 -2.507758e-01	-5.509769e-06 -1.075649e-05 -2.420210e-01	3.917467e-06 7.844195e-06 -8.754757e-03
0.770818      	-1.813879e-06 -3.404162e-06 -2.424674e-01	-5.712962e-06 -1.118019e-05 -2.339838e-01	3.899083e-06 7.776025e-06 -8.483601e-03
0.773943      	-1.324884e-06 -2.591022e-06 -2.342220e-01	-5.210356e-06 -1.030606e-05 -2.260098e-01	3.885472e-06 7.715039e-06 -8.212207e-03
0.777068      	-1.615457e-06 -3.094148e-06 -2.259350e-01	-5.486087e-06 -1.074594e-05 -2.179944e-01	3.870631e-06 7.651796e-06 -7.940594e-03
0.780193      	-1.683124e-06 -3.304125e-06 -2.177128e-01	-5.534644e-06 -1.088489e-05 -2.100438e-01	3.851520e-06 7.580766e-06 -7.668927e-03
0.783318      	-1.645374e-06 -3.071835e-06 -2.094497e-01	-5.480507e-06 -1.058726e-05 -2.020525e-01	3.835133e-06 7.515426e-06 -7.397182e-03
0.786443      	-1.453111e-06 -3.171702e-06 -2.010266e-01	-5.269060e-06 -1.062056e-05 -1.939012e-01	3.815949e-06 7.448863e-06 -7.125337e-03
0.789568      	-1.428673e-06 -3.116794e-06 -1.926943e-01	-5.217690e-06 -1.049505e-05 -1.858407e-01	3.789018e-06 7.378258e-06 -6.853611e-03
0.792693      	-1.155128e-06 -2.987117e-06 -1.843084e-01	-4.908238e-06 -1.029208e-05 -1.777259e-01	3.753110e-06 7.304965e-06 -6.582513e-03
0.795818      	-1.298193e-06 -3.367627e-06 -1.758783e-01	-5.021445e-06 -1.059411e-05 -1.695659e-01	3.723252e-06 7.226485e-06 -6.312496e-03
0.798943      	-1.113089e-06 -3.054798e-06 -1.673637e-01	-4.808279e-06 -1.020550e-05 -1.613201e-01	3.695191e-06 7.150701e-06 -6.043628e-03
0.802068      	-1.299665e-06 -3.262250e-06 -1.592263e-01	-4.958887e-06 -1.033791e-05 -1.534508e-01	3.659222e-06 7.075659e-06 -5.775530e-03
0.805193      	-9.726868e-07 -3.326342e-06 -1.508441e-01	-4.594455e-06 -1.032352e-05 -1.453357e-01	3.621768e-06 6.997176e-06 -5.508414e-03
0.808318      	-1.104470e-06 -3.275200e-06 -1.423824e-01	-4.688817e-06 -1.018337e-05 -1.371398e-01	3.584347e-06 6.908167e-06 -5.242623e-03
0.811443      	-1.272016e-06 -3.432914e-06 -1.340065e-01	-4.830100e-06 -1.026290e-05 -1.290282e-01	3.558085e-06 6.829984e-06 -4.978296e-03
0.814568      	-1.171810e-06 -3.294277e-06 -1.254853e-01	-4.710927e-06 -1.004889e-05 -1.207700e-01	3.539117e-06 6.754612e-06 -4.715396e-03
0.817693      	-1.345147e-06 -3.740237e-06 -1.169874e-01	-4.864227e-06 -1.041363e-05 -1.125334e-01	3.519080e-06 6.673390e-06 -4.454035e-03
0.820818      	-1.073610e-06 -3.160450e-06 -1.084824e-01	-4.572337e-06 -9.758340e-06 -1.042882e-01	3.498727e-06 6.597890e-06 -4.194201e-03
0.823943      	-1.105778e-06 -3.536213e-06 -1.000283e-01	-4.582135e-06 -1.005320e-05 -9.609230e-02	3.476357e-06 6.516988e-06 -3.935955e-03
0.827068      	-1.019099e-06 -3.241634e-06 -9.148660e-02	-4.472126e-06 -9.677947e-06 -8.780727e-02	3.453028e-06 6.436313e-06 -3.679327e-03
0.830193      	-1.034965e-06 -3.606550e-06 -8.299157e-02	-4.463892e-06 -9.961238e-06 -7.956729e-02	3.428926e-06 6.354688e-06 -3.424278e-03
0.833318      	-9.743569e-07 -3.346974e-06 -7.438732e-02	-4.378155e-06 -9.619325e-06 -7.121648e-02	3.403798e-06 6.272351e-06 -3.170840e-03
0.836443      	-9.440267e-07 -3.174944e-06 -6.577178e-02	-4.321704e-06 -9.367502e-06 -6.285275e-02	3.377677e-06 6.192558e-06 -2.919023e-03
0.839568      	-9.471677e-07 -3.411938e-06 -5.717962e-02	-4.298084e-06 -9.521980e-06 -5.451072e-02	3.350916e-06 6.110042e-06 -2.668900e-03
0.842693      	-8.750110e-07 -3.261211e-06 -4.849529e-02	-4.200115e-06 -9.286944e-06 -4.607477e-02	3.325104e-06 6.025733e-06 -2.420515e-03
0.845818      	-9.763516e-07 -3.448233e-06 -3.994097e-02	-4.276185e-06 -9.388796e-06 -3.776703e-02	3.299833e-06 5.940563e-06 -2.173945e-03
0.848943      	-8.284916e-07 -3.244314e-06 -3.126284e-02	-4.097557e-06 -9.097353e-06 -2.933362e-02	3.269065e-06 5.853040e-06 -1.929217e-03
0.852068      	-6.022964e-07 -3.057475e-06 -2.289644e-02	-3.837311e-06 -8.826790e-06 -2.121029e-02	3.235015e-06 5.769316e-06 -1.686151e-03
0.855193      	-8.172785e-07 -3.862169e-06 -1.425732e-02	-4.017382e-06 -9.535953e-06 -1.281238e-02	3.200103e-06 5.673784e-06 -1.444944e-03
0.858318      	-3.610621e-07 -3.062201e-06 -5.687341e-03	-3.519911e-06 -8.640424e-06 -4.481257e-03	3.158848e-06 5.578223e-06 -1.206083e-03
0.861443      	-5.047412e-07 -3.317493e-06 2.984393e-03	-3.627631e-06 -8.806452e-06 3.953332e-03	3.122889e-06 5.488960e-06 -9.689388e-04
0.864568      	-1.081097e-06 -3.539669e-06 1.170317e-02	-4.172804e-06 -8.936013e-06 1.243751e-02	3.091707e-06 5.396344e-06 -7.343409e-04
0.867693      	-6.765268e-07 -3.148278e-06 2.037048e-02	-3.738886e-06 -8.455475e-06 2.087117e-02	3.062359e-06 5.307197e-06 -5.006912e-04
0.870818      	-5.892010e-07 -3.176023e-06 2.902518e-02	-3.621487e-06 -8.393768e-06 2.929279e-02	3.032286e-06 5.217745e-06 -2.676038e-04
0.873943      	-5.551423e-07 -3.142949e-06 3.770249e-02	-3.557268e-06 -8.272468e-06 3.773824e-02	3.002126e-06 5.129519e-06 -3.575364e-05
0.877068      	-6.460775e-07 -3.286944e-06 4.642945e-02	-3.617529e-06 -8.325181e-06 4.623508e-02	2.971451e-06 5.038238e-06 1.943708e-04
0.880193      	-5.373945e-07 -3.354082e-06 5.516482e-02	-3.472214e-06 -8.297003e-06 5.474236e-02	2.934819e-06 4.942921e-06 4.224643e-04
0.883318      	-4.379301e-07 -3.026869e-06 6.393739e-02	-3.333889e-06 -7.879247e-06 6.328891e-02	2.895959e-06 4.852378e-06 6.484774e-04
0.886443      	-6.112731e-07 -3.282814e-06 7.268798e-02	-3.469881e-06 -8.044116e-06 7.181501e-02	2.858608e-06 4.761303e-06 8.729602e-04
0.889568      	-5.337176e-07 -3.545568e-06 8.143437e-02	-3.354051e-06 -8.210778e-06 8.033815e-02	2.820333e-06 4.665209e-06 1.096219e-03
0.892693      	-5.233015e-07 -3.114398e-06 9.020970e-02	-3.304693e-06 -7.688127e-06 8.889165e-02	2.781392e-06 4.573729e-06 1.318046e-03
0.895818      	-5.842523e-07 -3.469466e-06 9.894254e-02	-3.322952e-06 -7.945167e-06 9.740447e-02	2.738699e-06 4.475700e-06 1.538070e-03
0.898943      	-5.206857e-07 -3.917356e-06 1.076478e-01	-3.218556e-06 -8.310954e-06 1.058913e-01	2.697870e-06 4.393599e-06 1.756526e-03
0.902068      	-1.092804e-07 -2.389439e-06 1.166170e-01	-2.758373e-06 -6.690759e-06 1.146435e-01	2.649092e-06 4.301320e-06 1.973500e-03
0.905193      	-4.961172e-07 -4.061939e-06 1.252295e-01	-3.098220e-06 -8.285505e-06 1.230405e-01	2.602103e-06 4.223565e-06 2.189018e-03
0.908318      	-3.420704e-07 -3.126725e-06 1.340128e-01	-2.910211e-06 -7.284350e-06 1.316094e-01	2.568141e-06 4.157624e-06 2.403399e-03
0.911443      	1.998424e-07 -3.552379e-06 1.428590e-01	-2.317587e-06 -7.630432e-06 1.402423e-01	2.517429e-06 4.078053e-06 2.616714e-03
0.914568      	-7.899373e-07 -3.332954e-06 1.516453e-01	-3.279527e-06 -7.318776e-06 1.488164e-01	2.489590e-06 3.985822e-06 2.828880e-03
0.917693      	-3.268176e-07 -3.065548e-06 1.603822e-01	-2.790405e-06 -6.956403e-06 1.573424e-01	2.463587e-06 3.890855e-06 3.039813e-03
0.920818      	-2.486072e-07 -2.999507e-06 1.692261e-01	-2.679552e-06 -6.797141e-06 1.659772e-01	2.430944e-06 3.797633e-06 3.248946e-03
0.923943      	-1.073265e-07 -3.115726e-06 1.780127e-01	-2.500310e-06 -6.823007e-06 1.745562e-01	2.392983e-06 3.707281e-06 3.456446e-03
0.927068      	8.913973e-08 -2.682206e-06 1.868767e-01	-2.261685e-06 -6.300648e-06 1.832142e-01	2.350825e-06 3.618442e-06 3.662509e-03
0.930193      	-1.628557e-08 -3.059605e-06 1.956879e-01	-2.333622e-06 -6.617399e-06 1.918206e-01	2.317337e-06 3.557794e-06 3.867352e-03
0.933318      	3.399461e-07 -3.240361e-06 2.046330e-01	-1.938000e-06 -6.701255e-06 2.005620e-01	2.277946e-06 3.460895e-06 4.071077e-03
0.936443      	-1.427823e-07 -3.216792e-06 2.134966e-01	-2.386849e-06 -6.615324e-06 2.092230e-01	2.244067e-06 3.398532e-06 4.273595e-03
0.939568      	2.318770e-07 -3.084798e-06 2.223908e-01	-1.974563e-06 -6.400378e-06 2.179156e-01	2.206440e-06 3.315581e-06 4.475176e-03
0.942693      	5.403754e-08 -3.088844e-06 2.312057e-01	-2.125730e-06 -6.327691e-06 2.265299e-01	2.179767e-06 3.238847e-06 4.675794e-03
0.945818      	1.527943e-08 -3.119982e-06 2.400724e-01	-2.129285e-06 -6.275589e-06 2.351969e-01	2.144564e-06 3.155607e-06 4.875475e-03
0.948943      	6.290996e-07 -3.251751e-06 2.489831e-01	-1.478144e-06 -6.320586e-06 2.439090e-01	2.107244e-06 3.068835e-06 5.074097e-03
0.952068      	-7.059436e-08 -2.386979e-06 2.578490e-01	-2.133143e-06 -5.381671e-06 2.525774e-01	2.062548e-06 2.994692e-06 5.271617e-03
0.955193      	3.678792e-07 -2.782010e-06 2.667898e-01	-1.649525e-06 -5.704407e-06 2.613216e-01	2.017404e-06 2.922397e-06 5.468230e-03
0.958318      	2.913491e-07 -3.238930e-06 2.755908e-01	-1.675762e-06 -6.079936e-06 2.699269e-01	1.967111e-06 2.841005e-06 5.663861e-03
0.961443      	3.233766e-07 -3.198098e-06 2.844620e-01	-1.596758e-06 -5.954316e-06 2.786034e-01	1.920134e-06 2.756219e-06 5.858555e-03
0.964568      	6.841750e-07 -2.601971e-06 2.933710e-01	-1.191579e-06 -5.273770e-06 2.873185e-01	1.875754e-06 2.671799e-06 6.052548e-03
0.967693      	-1.152112e-08 -3.299363e-06 3.023451e-01	-1.853134e-06 -5.903483e-06 2.960994e-01	1.841612e-06 2.604120e-06 6.245608e-03
0.970818      	8.497372e-07 -2.655004e-06 3.111710e-01	-9.529187e-07 -5.181756e-06 3.047329e-01	1.802656e-06 2.526752e-06 6.438064e-03
0.973943      	7.673082e-07 -2.215395e-06 3.200423e-01	-9.969029e-07 -4.654704e-06 3.134123e-01	1.764211e-06 2.439309e-06 6.630007e-03
0.977068      	3.712743e-07 -2.275796e-06 3.288838e-01	-1.365767e-06 -4.638222e-06 3.220623e-01	1.737041e-06 2.362425e-06 6.821428e-03
0.980193      	9.359448e-07 -2.117263e-06 3.378085e-01	-7.601515e-07 -4.396169e-06 3.307962e-01	1.696096e-06 2.278907e-06 7.012294e-03
0.983318      	4.390461e-07 -2.814973e-06 3.467568e-01	-1.221518e-06 -5.017367e-06 3.395543e-01	1.660564e-06 2.202394e-06 7.202535e-03
0.986443      	8.233725e-08 -3.151359e-06 3.556164e-01	-1.560863e-06 -5.279737e-06 3.482241e-01	1.643201e-06 2.128378e-06 7.392259e-03
0.989568      	6.040051e-07 -2.799095e-06 3.644742e-01	-1.017689e-06 -4.856802e-06 3.568929e-01	1.621694e-06 2.057706e-06 7.581283e-03
0.992693      	3.351128e-07 -2.363441e-06 3.733010e-01	-1.264699e-06 -4.352146e-06 3.655313e-01	1.599812e-06 1.988704e-06 7.769737e-03
0.995818      	4.708977e-07 -2.683997e-06 3.821739e-01	-1.121845e-06 -4.603098e-06 3.742162e-01	1.592742e-06 1.919101e-06 7.957750e-03
0.998943      	2.089933e-07 -2.598350e-06 3.910539e-01	-1.365246e-06 -4.455615e-06 3.829087e-01	1.574239e-06 1.857265e-06 8.145161e-03
1.00207       	5.970945e-07 -2.602173e-06 3.999389e-01	-9.555902e-07 -4.394537e-06 3.916068e-01	1.552685e-06 1.792364e-06 8.332117e-03
1.00519       	7.079325e-07 -2.713304e-06 4.088152e-01	-8.161173e-07 -4.441118e-06 4.002964e-01	1.524050e-06 1.727814e-06 8.518781e-03
1.00832       	8.021435e-07 -2.618757e-06 4.176768e-01	-6.927580e-07 -4.277801e-06 4.089716e-01	1.494902e-06 1.659044e-06 8.705136e-03
1.01144       	6.456032e-07 -2.894138e-06 4.265495e-01	-8.274389e-07 -4.486293e-06 4.176583e-01	1.473042e-06 1.592155e-06 8.891232e-03
1.01457       	6.438108e-07 -2.642830e-06 4.353690e-01	-8.043184e-07 -4.177775e-06 4.262919e-01	1.448129e-06 1.534945e-06 9.077122e-03
1.01769       	6.001620e-07 -2.681142e-06 4.442160e-01	-8.155970e-07 -4.157097e-06 4.349531e-01	1.415759e-06 1.475955e-06 9.262932e-03
1.02082       	7.306564e-07 -2.593082e-06 4.530556e-01	-6.513781e-07 -4.014890e-06 4.436070e-01	1.382035e-06 1.421808e-06 9.448548e-03
1.02394       	1.071554e-06 -2.635424e-06 4.618384e-01	-2.783744e-07 -4.003940e-06 4.522044e-01	1.349928e-06 1.368516e-06 9.634023e-03
1.02707       	7.132900e-07 -2.955677e-06 4.706305e-01	-6.033228e-07 -4.265642e-06 4.608112e-01	1.316613e-06 1.309966e-06 9.819302e-03
1.03019       	8.674239e-07 -2.113860e-06 4.794374e-01	-4.174677e-07 -3.363345e-06 4.694328e-01	1.284892e-06 1.249485e-06 1.000461e-02
1.03332       	8.806185e-07 -2.888576e-06 4.882282e-01	-3.720320e-07 -4.083700e-06 4.780382e-01	1.252650e-06 1.195124e-06 1.018999e-02
1.03644       	1.013071e-06 -2.871536e-06 4.970702e-01	-2.048306e-07 -4.013457e-06 4.866947e-01	1.217902e-06 1.141921e-06 1.037550e-02
1.03957       	1.213616e-06 -2.542727e-06 5.058247e-01	2.813540e-08 -3.636377e-06 4.952634e-01	1.185480e-06 1.093650e-06 1.056125e-02
1.04269       	1.229804e-06 -2.499124e-06 5.145554e-01	7.643962e-08 -3.547459e-06 5.038083e-01	1.153364e-06 1.048335e-06 1.074707e-02
1.04582       	1.529177e-06 -2.263549e-06 5.233108e-01	4.083485e-07 -3.269369e-06 5.123778e-01	1.120828e-06 1.005820e-06 1.093300e-02
1.04894       	1.689130e-06 -2.263614e-06 5.320839e-01	6.078322e-07 -3.220605e-06 5.209645e-01	1.081298e-06 9.569910e-07 1.111932e-02
1.05207       	1.943657e-06 -1.985641e-06 5.407331e-01	9.160948e-07 -2.881414e-06 5.294272e-01	1.027562e-06 8.957725e-07 1.130593e-02
1.05519       	7.306256e-07 -3.618773e-06 5.494124e-01	-2.638782e-07 -4.483304e-06 5.379198e-01	9.945039e-07 8.645310e-07 1.149268e-02
1.05832       	-1.038073e-06 -6.291418e-06 5.581209e-01	-2.063571e-06 -7.204025e-06 5.464414e-01	1.025499e-06 9.126065e-07 1.167949e-02
1.06144       	3.131292e-07 -4.454405e-06 5.668041e-01	-7.399936e-07 -5.406933e-06 5.549381e-01	1.053123e-06 9.525282e-07 1.186602e-02
1.06457       	-2.590941e-07 -5.577992e-06 5.754704e-01	-1.333189e-06 -6.550599e-06 5.634177e-01	1.074095e-06 9.726067e-07 1.205267e-02
1.06769       	-7.233319e-07 -6.111823e-06 5.840296e-01	-1.833735e-06 -7.113491e-06 5.717902e-01	1.110403e-06 1.001668e-06 1.223938e-02
1.07082       	1.571450e-06 -2.712724e-06 5.925952e-01	4.537121e-07 -3.678301e-06 5.801691e-01	1.117738e-06 9.655770e-07 1.242615e-02
1.07394       	1.920051e-06 -2.136577e-06 6.012483e-01	8.183187e-07 -3.025290e-06 5.886346e-01	1.101733e-06 8.887134e-07 1.261367e-02
1.07707       	1.838583e-06 -2.681340e-06 6.099004e-01	7.601985e-07 -3.502915e-06 5.970983e-01	1.078385e-06 8.215752e-07 1.280213e-02
1.08019       	1.927014e-06 -2.645017e-06 6.184905e-01	8.603010e-07 -3.418665e-06 6.054992e-01	1.066713e-06 7.736481e-07 1.299129e-02
1.08332       	2.599905e-06 -1.927962e-06 6.270379e-01	1.548265e-06 -2.653588e-06 6.138569e-01	1.051640e-06 7.256262e-07 1.318104e-02
1.08644       	6.860383e-07 -3.799058e-06 6.356142e-01	-3.570013e-07 -4.479167e-06 6.222429e-01	1.043040e-06 6.801091e-07 1.337126e-02
1.08957       	1.184706e-06 -4.168102e-06 6.440819e-01	1.475144e-07 -4.816255e-06 6.305208e-01	1.037192e-06 6.481530e-07 1.356114e-02
1.09269       	1.546096e-06 -3.890244e-06 6.525497e-01	5.219963e-07 -4.499916e-06 6.387988e-01	1.024100e-06 6.096715e-07 1.375087e-02
1.09582       	1.678866e-06 -3.417635e-06 6.610657e-01	6.707761e-07 -3.989614e-06 6.471246e-01	1.008090e-06 5.719787e-07 1.394111e-02
1.09894       	1.759073e-06 -3.279149e-06 6.695555e-01	7.663125e-07 -3.814370e-06 6.554235e-01	9.927605e-07 5.352208e-07 1.413201e-02
1.10207       	1.723061e-06 -4.018756e-06 6.780043e-01	7.403797e-07 -4.536283e-06 6.636811e-01	9.826811e-07 5.175268e-07 1.432324e-02
1.10519       	1.760761e-06 -4.093035e-06 6.864186e-01	7.909805e-07 -4.615055e-06 6.719037e-01	9.697808e-07 5.220203e-07 1.451486e-02
1.10832       	1.365866e-06 -4.868989e-06 6.948548e-01	4.102276e-07 -5.392903e-06 6.801480e-01	9.556388e-07 5.239139e-07 1.470686e-02
1.11144       	1.814899e-06 -4.167895e-06 7.031741e-01	8.723748e-07 -4.698163e-06 6.882754e-01	9.425245e-07 5.302683e-07 1.489870e-02
1.11457       	1.703868e-06 -4.523459e-06 7.115123e-01	7.765130e-07 -5.058012e-06 6.964220e-01	9.273547e-07 5.345531e-07 1.509036e-02
1.11769       	1.855005e-06 -4.408976e-06 7.199452e-01	9.402177e-07 -4.949842e-06 7.046642e-01	9.147873e-07 5.408659e-07 1.528097e-02
1.12082       	1.641036e-06 -4.533476e-06 7.283243e-01	7.390789e-07 -5.082278e-06 7.128561e-01	9.019570e-07 5.488023e-07 1.546817e-02
1.12394       	1.811678e-06 -4.672635e-06 7.368681e-01	9.237945e-07 -5.235429e-06 7.212176e-01	8.878837e-07 5.627940e-07 1.565049e-02
1.12707       	2.013378e-06 -4.822158e-06 7.448153e-01	1.141655e-06 -5.400618e-06 7.289759e-01	8.717229e-07 5.784604e-07 1.583936e-02
1.13019       	1.670452e-06 -5.239237e-06 7.530647e-01	8.115291e-07 -5.831269e-06 7.370262e-01	8.589232e-07 5.920323e-07 1.603851e-02
1.13332       	1.946301e-06 -4.811826e-06 7.613658e-01	1.090870e-06 -5.430704e-06 7.451235e-01	8.554310e-07 6.188778e-07 1.624236e-02
1.13644       	1.705071e-06 -5.219206e-06 7.695876e-01	8.431125e-07 -5.875647e-06 7.531419e-01	8.619581e-07 6.564404e-07 1.644563e-02
1.13957       	2.106293e-06 -5.379974e-06 7.779627e-01	1.252618e-06 -6.072384e-06 7.613159e-01	8.536753e-07 6.924091e-07 1.664682e-02
1.14269       	2.219515e-06 -4.999793e-06 7.860950e-01	1.397273e-06 -5.707231e-06 7.692473e-01	8.222418e-07 7.074375e-07 1.684767e-02
1.14582       	2.169751e-06 -5.322989e-06 7.943321e-01	1.368760e-06 -6.029191e-06 7.772813e-01	8.009902e-07 7.062019e-07 1.705088e-02
1.14894       	2.004611e-06 -5.500807e-06 8.024995e-01	1.214563e-06 -6.213580e-06 7.852425e-01	7.900475e-07 7.127728e-07 1.725692e-02
1.15207       	2.040576e-06 -5.512076e-06 8.108101e-01	1.250200e-06 -6.249094e-06 7.933468e-01	7.903761e-07 7.370181e-07 1.746336e-02
1.15519       	2.235306e-06 -5.550356e-06 8.188059e-01	1.439831e-06 -6.323520e-06 8.011376e-01	7.954748e-07 7.731645e-07 1.766831e-02
1.15832       	2.229128e-06 -5.742221e-06 8.269406e-01	1.435837e-06 -6.550174e-06 8.090682e-01	7.932902e-07 8.079527e-07 1.787242e-02
1.16144       	2.251606e-06 -5.734125e-06 8.351064e-01	1.464789e-06 -6.574810e-06 8.170305e-01	7.868166e-07 8.406848e-07 1.807591e-02
1.16457       	2.368699e-06 -5.880469e-06 8.432809e-01	1.589267e-06 -6.757805e-06 8.250019e-01	7.794321e-07 8.773358e-07 1.827892e-02
1.16769       	2.237615e-06 -6.353335e-06 8.513640e-01	1.469719e-06 -7.265282e-06 8.328830e-01	7.678961e-07 9.119473e-07 1.848093e-02
1.170818      	2.399113e-06 -5.921612e-06 8.594222e-01	1.639402e-06 -6.876614e-06 8.407408e-01	7.597107e-07 9.550016e-07 1.868140e-02
1.173943      	2.238174e-06 -6.294558e-06 8.675748e-01	1.482481e-06 -7.295382e-06 8.486937e-01	7.556928e-07 1.000824e-06 1.888108e-02
1.177068      	2.282348e-06 -6.085578e-06 8.756782e-01	1.528395e-06 -7.134709e-06 8.565982e-01	7.539529e-07 1.049131e-06 1.908001e-02
1.180193      	2.502220e-06 -6.090436e-06 8.837284e-01	1.747432e-06 -7.194490e-06 8.644509e-01	7.547885e-07 1.104055e-06 1.927747e-02
1.183318      	2.515142e-06 -6.408842e-06 8.917740e-01	1.752465e-06 -7.565863e-06 8.723005e-01	7.626772e-07 1.157021e-06 1.947355e-02
1.186443      	2.383946e-06 -6.532687e-06 8.998725e-01	1.615255e-06 -7.741360e-06 8.802042e-01	7.686909e-07 1.208673e-06 1.966825e-02
1.189568      	2.623352e-06 -6.941624e-06 9.077795e-01	1.847608e-06 -8.199726e-06 8.879184e-01	7.757440e-07 1.258102e-06 1.986114e-02
1.192693      	2.583077e-06 -6.524361e-06 9.158073e-01	1.801203e-06 -7.841243e-06 8.957552e-01	7.818735e-07 1.316882e-06 2.005207e-02
1.195818      	2.637866e-06 -6.344051e-06 9.235799e-01	1.847228e-06 -7.732190e-06 9.033392e-01	7.906381e-07 1.388140e-06 2.024076e-02
1.198943      	2.826485e-06 -6.781831e-06 9.313506e-01	2.024009e-06 -8.239285e-06 9.109229e-01	8.024763e-07 1.457453e-06 2.042763e-02
1.202068      	2.609717e-06 -7.088611e-06 9.387911e-01	1.798862e-06 -8.611084e-06 9.181795e-01	8.108548e-07 1.522473e-06 2.061160e-02
1.205193      	2.791724e-06 -6.881204e-06 9.478857e-01	1.972392e-06 -8.475170e-06 9.270922e-01	8.193320e-07 1.593965e-06 2.079349e-02
1.208318      	2.739465e-06 -6.669170e-06 9.564561e-01	1.911154e-06 -8.344877e-06 9.354835e-01	8.283111e-07 1.675707e-06 2.097255e-02
1.211443      	2.884358e-06 -6.932803e-06 9.641735e-01	2.046304e-06 -8.691091e-06 9.430253e-01	8.380540e-07 1.758288e-06 2.114815e-02
1.214568      	3.016673e-06 -6.994173e-06 9.721853e-01	2.166581e-06 -8.836352e-06 9.508653e-01	8.500924e-07 1.842180e-06 2.132002e-02
1.217693      	2.884018e-06 -7.167695e-06 9.806340e-01	2.022944e-06 -9.095525e-06 9.591460e-01	8.610746e-07 1.927829e-06 2.148805e-02
1.220818      	3.028958e-06 -7.076305e-06 9.886365e-01	2.157331e-06 -9.094252e-06 9.669847e-01	8.716269e-07 2.017947e-06 2.165180e-02
1.223943      	3.113219e-06 -7.745867e-06 9.967262e-01	2.228315e-06 -9.851896e-06 9.749152e-01	8.849036e-07 2.106028e-06 2.181102e-02
1.227068      	3.148093e-06 -7.346965e-06 1.004827e+00	2.249397e-06 -9.550588e-06 9.828622e-01	8.986965e-07 2.203623e-06 2.196533e-02
1.230193      	3.155424e-06 -7.662018e-06 1.013108e+00	2.244303e-06 -9.967949e-06 9.909932e-01	9.111213e-07 2.305931e-06 2.211474e-02
1.233318      	3.211378e-06 -7.698515e-06 1.021344e+00	2.287628e-06 -1.010980e-05 9.990848e-01	9.237500e-07 2.411281e-06 2.225915e-02
1.236443      	3.558872e-06 -7.470487e-06 1.029554e+00	2.616922e-06 -9.996924e-06 1.007155e+00	9.419503e-07 2.526437e-06 2.239808e-02
1.239568      	3.183653e-06 -8.097103e-06 1.037904e+00	2.229564e-06 -1.073569e-05 1.015372e+00	9.540894e-07 2.638591e-06 2.253171e-02
1.242693      	3.357643e-06 -7.731998e-06 1.046261e+00	2.392573e-06 -1.049185e-05 1.023601e+00	9.650697e-07 2.759855e-06 2.265977e-02
1.245818      	3.406849e-06 -8.004249e-06 1.054634e+00	2.428563e-06 -1.089088e-05 1.031853e+00	9.782868e-07 2.886626e-06 2.278139e-02
1.248943      	3.579895e-06 -8.133249e-06 1.063034e+00	2.585844e-06 -1.115048e-05 1.040138e+00	9.940511e-07 3.017235e-06 2.289613e-02
1.252068      	3.509333e-06 -8.119057e-06 1.071480e+00	2.500110e-06 -1.127478e-05 1.048477e+00	1.009223e-06 3.155722e-06 2.300359e-02
1.255193      	3.669835e-06 -8.445733e-06 1.079946e+00	2.644457e-06 -1.174340e-05 1.056843e+00	1.025378e-06 3.297670e-06 2.310308e-02
1.258318      	3.582745e-06 -8.572349e-06 1.088485e+00	2.541995e-06 -1.201835e-05 1.065291e+00	1.040750e-06 3.446005e-06 2.319433e-02
1.261443      	3.672857e-06 -8.622574e-06 1.097117e+00	2.616642e-06 -1.222346e-05 1.073840e+00	1.056215e-06 3.600886e-06 2.327694e-02
1.264568      	3.778071e-06 -8.940205e-06 1.105775e+00	2.705254e-06 -1.270151e-05 1.082425e+00	1.072817e-06 3.761307e-06 2.335015e-02
1.267693      	3.587756e-06 -8.678309e-06 1.114486e+00	2.499914e-06 -1.261259e-05 1.091072e+00	1.087842e-06 3.934276e-06 2.341392e-02
1.270818      	3.815335e-06 -8.996587e-06 1.123258e+00	2.709928e-06 -1.311033e-05 1.099791e+00	1.105407e-06 4.113744e-06 2.346726e-02
1.273943      	3.535533e-06 -9.314056e-06 1.132053e+00	2.411049e-06 -1.361143e-05 1.108543e+00	1.124483e-06 4.297372e-06 2.351003e-02
1.277068      	3.910671e-06 -9.300487e-06 1.140948e+00	2.773864e-06 -1.378809e-05 1.117406e+00	1.136807e-06 4.487605e-06 2.354217e-02
1.280193      	3.600688e-06 -9.389577e-06 1.149875e+00	2.446097e-06 -1.408115e-05 1.126312e+00	1.154591e-06 4.691575e-06 2.356324e-02
1.283318      	4.807521e-06 -9.146611e-06 1.158835e+00	3.650309e-06 -1.403267e-05 1.135264e+00	1.157211e-06 4.886063e-06 2.357180e-02
1.286443      	4.563848e-06 -9.527449e-06 1.167856e+00	3.411793e-06 -1.461530e-05 1.144289e+00	1.152055e-06 5.087856e-06 2.356697e-02
1.289568      	4.144551e-06 -9.566445e-06 1.176882e+00	2.984924e-06 -1.487848e-05 1.153333e+00	1.159628e-06 5.312032e-06 2.354843e-02
1.292693      	4.368523e-06 -9.983087e-06 1.185993e+00	3.202000e-06 -1.553614e-05 1.162477e+00	1.166523e-06 5.553057e-06 2.351624e-02
1.295818      	4.480838e-06 -9.939742e-06 1.195178e+00	3.335290e-06 -1.571992e-05 1.171708e+00	1.145549e-06 5.780177e-06 2.347012e-02
1.298943      	4.941163e-06 -9.812209e-06 1.204398e+00	3.815551e-06 -1.582120e-05 1.180989e+00	1.125612e-06 6.008995e-06 2.340891e-02
1.302068      	4.175538e-06 -1.079168e-05 1.213625e+00	3.055079e-06 -1.707163e-05 1.190293e+00	1.120459e-06 6.279956e-06 2.333226e-02
1.305193      	5.377027e-06 -9.091794e-06 1.222871e+00	4.279508e-06 -1.559648e-05 1.199631e+00	1.097519e-06 6.504681e-06 2.323956e-02
1.308318      	6.020703e-06 -8.943336e-06 1.232187e+00	4.952769e-06 -1.568300e-05 1.209056e+00	1.067934e-06 6.739661e-06 2.313105e-02
1.311443      	4.042332e-06 -1.077705e-05 1.241501e+00	2.943557e-06 -1.781188e-05 1.218494e+00	1.098775e-06 7.034830e-06 2.300646e-02
1.314568      	7.548988e-06 -8.346335e-06 1.250835e+00	6.461733e-06 -1.564199e-05 1.227969e+00	1.087255e-06 7.295652e-06 2.286549e-02
1.317693      	3.841663e-06 -1.112187e-05 1.260184e+00	2.706931e-06 -1.872169e-05 1.237476e+00	1.134732e-06 7.599816e-06 2.270811e-02
1.320818      	4.178518e-06 -1.067967e-05 1.269520e+00	2.954396e-06 -1.861264e-05 1.246985e+00	1.224122e-06 7.932973e-06 2.253452e-02
1.323943      	5.284836e-06 -1.001978e-05 1.278851e+00	3.990994e-06 -1.826586e-05 1.256505e+00	1.293842e-06 8.246087e-06 2.234559e-02
1.327068      	4.778025e-06 -1.015575e-05 1.288177e+00	3.408838e-06 -1.872811e-05 1.266036e+00	1.369187e-06 8.572354e-06 2.214109e-02
1.330193      	4.659032e-06 -1.069107e-05 1.297531e+00	3.208190e-06 -1.959412e-05 1.275610e+00	1.450842e-06 8.903049e-06 2.192088e-02
1.333318      	4.858556e-06 -1.011027e-05 1.306778e+00	3.326521e-06 -1.934812e-05 1.285093e+00	1.532035e-06 9.237848e-06 2.168544e-02
1.336443      	4.832350e-06 -1.027676e-05 1.316042e+00	3.211142e-06 -1.985704e-05 1.294606e+00	1.621209e-06 9.580277e-06 2.143553e-02
1.339568      	4.794398e-06 -1.008092e-05 1.325157e+00	3.078610e-06 -2.001088e-05 1.303985e+00	1.715788e-06 9.929969e-06 2.117161e-02
1.342693      	5.021604e-06 -9.490882e-06 1.334270e+00	3.200936e-06 -1.978479e-05 1.313377e+00	1.820668e-06 1.029390e-05 2.089358e-02
1.345818      	4.555398e-06 -1.046792e-05 1.343299e+00	2.623862e-06 -2.112458e-05 1.322696e+00	1.931537e-06 1.065666e-05 2.060245e-02
1.348943      	4.965766e-06 -9.049230e-06 1.352196e+00	2.911491e-06 -2.008590e-05 1.331897e+00	2.054276e-06 1.103667e-05 2.029918e-02
1.352068      	5.007536e-06 -8.859557e-06 1.360938e+00	2.818673e-06 -2.028914e-05 1.340953e+00	2.188863e-06 1.142958e-05 1.998493e-02
1.355193      	5.066679e-06 -8.351462e-06 1.369661e+00	2.732259e-06 -2.017219e-05 1.350000e+00	2.334420e-06 1.182073e-05 1.966132e-02
1.358318      	5.213621e-06 -8.193855e-06 1.378235e+00	2.718771e-06 -2.041684e-05 1.358906e+00	2.494849e-06 1.222298e-05 1.932910e-02
1.361443      	5.357676e-06 -7.937567e-06 1.386612e+00	2.685672e-06 -2.057519e-05 1.367623e+00	2.672004e-06 1.263762e-05 1.898910e-02
1.364568      	4.907744e-06 -7.703448e-06 1.394905e+00	2.043692e-06 -2.076331e-05 1.376262e+00	2.864052e-06 1.305986e-05 1.864308e-02
1.367693      	4.827002e-06 -7.588848e-06 1.402941e+00	1.756938e-06 -2.107819e-05 1.384649e+00	3.070063e-06 1.348934e-05 1.829232e-02
1.370818      	5.053857e-06 -6.344431e-06 1.410820e+00	1.758580e-06 -2.027603e-05 1.392882e+00	3.295277e-06 1.393160e-05 1.793771e-02
1.373943      	4.863405e-06 -6.019176e-06 1.418487e+00	1.322686e-06 -2.040622e-05 1.400906e+00	3.540719e-06 1.438705e-05 1.758087e-02
1.377068      	5.269850e-06 -5.028370e-06 1.425979e+00	1.451417e-06 -1.988848e-05 1.408755e+00	3.818433e-06 1.486011e-05 1.722370e-02
1.380193      	5.285723e-06 -3.529821e-06 1.433275e+00	1.151070e-06 -1.889459e-05 1.416407e+00	4.134653e-06 1.536477e-05 1.686760e-02
1.383318      	5.271470e-06 -3.279978e-06 1.440329e+00	7.887572e-07 -1.915860e-05 1.423814e+00	4.482713e-06 1.587862e-05 1.651506e-02
1.386443      	4.410284e-06 -2.982564e-06 1.447192e+00	-4.372061e-07 -1.936653e-05 1.431025e+00	4.847490e-06 1.638396e-05 1.616732e-02
1.389568      	5.754369e-06 -2.504150e-06 1.453799e+00	5.120892e-07 -1.939122e-05 1.437973e+00	5.242279e-06 1.688707e-05 1.582611e-02
1.392693      	5.360985e-06 -8.391747e-07 1.460153e+00	-3.026144e-07 -1.823538e-05 1.444660e+00	5.663599e-06 1.739620e-05 1.549292e-02
1.395818      	5.677335e-06 1.449210e-07 1.466419e+00	-4.320483e-07 -1.776459e-05 1.451249e+00	6.109383e-06 1.790951e-05 1.516933e-02
1.398943      	4.792115e-06 4.274393e-07 1.472278e+00	-1.779945e-06 -1.799049e-05 1.457420e+00	6.572060e-06 1.841793e-05 1.485717e-02
1.402068      	4.745539e-06 1.049113e-06 1.478001e+00	-2.302522e-06 -1.786514e-05 1.463443e+00	7.048061e-06 1.891426e-05 1.455827e-02
1.405193      	4.336689e-06 1.640477e-06 1.483543e+00	-3.196117e-06 -1.775550e-05 1.469269e+00	7.532806e-06 1.939598e-05 1.427394e-02
1.408318      	4.298384e-06 3.700846e-06 1.488878e+00	-3.722862e-06 -1.616639e-05 1.474873e+00	8.021246e-06 1.986724e-05 1.400544e-02
1.411443      	3.306659e-06 1.159530e-06 1.494056e+00	-5.190884e-06 -1.912855e-05 1.480301e+00	8.497543e-06 2.028808e-05 1.375507e-02
1.414568      	2.867531e-06 2.239184e-06 1.499111e+00	-6.113670e-06 -1.845180e-05 1.485586e+00	8.981201e-06 2.069098e-05 1.352477e-02
1.417693      	3.133677e-06 3.653072e-06 1.504021e+00	-6.356809e-06 -1.745480e-05 1.490704e+00	9.490485e-06 2.110787e-05 1.331682e-02
1.420818      	2.251630e-06 3.934938e-06 1.508820e+00	-7.768842e-06 -1.759601e-05 1.495688e+00	1.002047e-05 2.153095e-05 1.313245e-02
1.423943      	2.100748e-06 4.361125e-06 1.513551e+00	-8.465362e-06 -1.759066e-05 1.500579e+00	1.056611e-05 2.195178e-05 1.297264e-02
1.427068      	1.757905e-06 5.058378e-06 1.518166e+00	-9.365035e-06 -1.731234e-05 1.505328e+00	1.112294e-05 2.237071e-05 1.283775e-02
1.430193      	2.941784e-07 3.063347e-06 1.522825e+00	-1.138551e-05 -1.970822e-05 1.510096e+00	1.167969e-05 2.277157e-05 1.272844e-02
1.433318      	3.935442e-07 4.877244e-06 1.527398e+00	-1.185173e-05 -1.829907e-05 1.514753e+00	1.224527e-05 2.317632e-05 1.264565e-02
1.436443      	9.990905e-07 5.960921e-06 1.532051e+00	-1.182172e-05 -1.763106e-05 1.519461e+00	1.282081e-05 2.359198e-05 1.259008e-02
1.439568      	-3.045395e-07 6.084024e-06 1.536819e+00	-1.369960e-05 -1.792470e-05 1.524256e+00	1.339506e-05 2.400872e-05 1.256230e-02
1.442693      	1.106351e-06 8.277651e-06 1.541677e+00	-1.283719e-05 -1.605720e-05 1.529114e+00	1.394354e-05 2.433485e-05 1.256248e-02
1.445818      	7.593867e-07 7.561932e-06 1.546626e+00	-1.373080e-05 -1.709602e-05 1.534035e+00	1.449019e-05 2.465795e-05 1.259074e-02
1.448943      	-7.897302e-07 7.028998e-06 1.551737e+00	-1.581440e-05 -1.796704e-05 1.539091e+00	1.502467e-05 2.499604e-05 1.264626e-02
1.452068      	1.207240e-06 1.264950e-05 1.557080e+00	-1.424333e-05 -1.240484e-05 1.544353e+00	1.545057e-05 2.505433e-05 1.272759e-02
1.455193      	-1.706603e-06 4.921667e-06 1.562666e+00	-1.757298e-05 -2.025369e-05 1.549832e+00	1.586638e-05 2.517536e-05 1.283397e-02
1.458318      	-1.559102e-06 7.254039e-06 1.568418e+00	-1.786173e-05 -1.817690e-05 1.555453e+00	1.630262e-05 2.543094e-05 1.296492e-02
1.461443      	-3.191677e-06 7.254668e-06 1.574492e+00	-1.993603e-05 -1.845612e-05 1.561372e+00	1.674435e-05 2.571079e-05 1.311952e-02
1.464568      	-3.149515e-06 5.829369e-06 1.580749e+00	-2.032920e-05 -2.019206e-05 1.567453e+00	1.717969e-05 2.602143e-05 1.329628e-02
1.467693      	-3.345381e-06 7.056334e-06 1.587338e+00	-2.094001e-05 -1.928662e-05 1.573845e+00	1.759463e-05 2.634295e-05 1.349312e-02
1.470818      	-5.697771e-06 5.205772e-06 1.594104e+00	-2.370556e-05 -2.145721e-05 1.580396e+00	1.800779e-05 2.666299e-05 1.370739e-02
1.473943      	-6.449200e-06 3.654680e-06 1.601247e+00	-2.484735e-05 -2.330400e-05 1.587312e+00	1.839815e-05 2.695868e-05 1.393576e-02
1.477068      	-5.893483e-06 5.930357e-06 1.608668e+00	-2.468689e-05 -2.134239e-05 1.594493e+00	1.879341e-05 2.727274e-05 1.417505e-02
1.480193      	-8.002444e-06 1.730413e-06 1.616126e+00	-2.718074e-05 -2.587110e-05 1.601703e+00	1.917830e-05 2.760151e-05 1.442359e-02
1.483318      	-8.778869e-06 1.146594e-06 1.623865e+00	-2.828347e-05 -2.674768e-05 1.609186e+00	1.950461e-05 2.789428e-05 1.467898e-02
1.486443      	-1.006758e-05 5.392806e-08 1.631666e+00	-2.987430e-05 -2.810478e-05 1.616728e+00	1.980672e-05 2.815871e-05 1.493807e-02
1.489568      	-9.657310e-06 -3.214371e-07 1.639602e+00	-2.972749e-05 -2.870680e-05 1.624403e+00	2.007018e-05 2.838537e-05 1.519806e-02
1.492693      	-1.104493e-05 -9.544121e-07 1.647721e+00	-3.132651e-05 -2.953956e-05 1.632266e+00	2.028158e-05 2.858514e-05 1.545525e-02
1.495818      	-1.191999e-05 -3.249364e-06 1.656049e+00	-3.238091e-05 -3.202164e-05 1.640342e+00	2.046092e-05 2.877228e-05 1.570675e-02
1.498943      	-1.273522e-05 -4.567381e-06 1.664375e+00	-3.336930e-05 -3.352592e-05 1.648425e+00	2.063408e-05 2.895854e-05 1.595054e-02
1.502068      	-1.264012e-05 -4.897616e-06 1.672553e+00	-3.344606e-05 -3.404485e-05 1.656368e+00	2.080593e-05 2.914723e-05 1.618494e-02
1.505193      	-1.317306e-05 -6.006213e-06 1.680905e+00	-3.412967e-05 -3.532793e-05 1.664498e+00	2.095661e-05 2.932171e-05 1.640699e-02
1.508318      	-1.464316e-05 -8.095587e-06 1.688990e+00	-3.572343e-05 -3.756712e-05 1.672375e+00	2.108026e-05 2.947153e-05 1.661489e-02
1.511443      	-1.494062e-05 -8.985741e-06 1.697124e+00	-3.613026e-05 -3.859656e-05 1.680317e+00	2.118965e-05 2.961082e-05 1.680729e-02
1.514568      	-1.533897e-05 -1.002697e-05 1.705133e+00	-3.663723e-05 -3.977802e-05 1.688150e+00	2.129826e-05 2.975105e-05 1.698282e-02
1.517693      	-1.595465e-05 -1.102028e-05 1.713124e+00	-3.735372e-05 -4.090285e-05 1.695984e+00	2.139907e-05 2.988257e-05 1.714033e-02
1.520818      	-1.609640e-05 -1.157969e-05 1.720993e+00	-3.760253e-05 -4.159975e-05 1.703714e+00	2.150613e-05 3.002007e-05 1.727901e-02
1.523943      	-1.660467e-05 -1.297392e-05 1.728790e+00	-3.822188e-05 -4.313194e-05 1.711391e+00	2.161721e-05 3.015802e-05 1.739874e-02
1.527068      	-1.766265e-05 -1.475878e-05 1.736452e+00	-3.938651e-05 -4.504921e-05 1.718953e+00	2.172386e-05 3.029043e-05 1.749932e-02
1.530193      	-1.791341e-05 -1.596790e-05 1.744038e+00	-3.974927e-05 -4.639197e-05 1.726457e+00	2.183586e-05 3.042407e-05 1.758097e-02
1.533318      	-1.883024e-05 -1.736066e-05 1.751616e+00	-4.077972e-05 -4.792284e-05 1.733972e+00	2.194949e-05 3.056218e-05 1.764386e-02
1.536443      	-1.941143e-05 -1.860120e-05 1.759049e+00	-4.148337e-05 -4.931301e-05 1.741363e+00	2.207194e-05 3.071181e-05 1.768685e-02
1.539568      	-1.903494e-05 -1.928576e-05 1.766471e+00	-4.124269e-05 -5.015772e-05 1.748763e+00	2.220775e-05 3.087196e-05 1.770862e-02
1.542693      	-1.946565e-05 -1.988988e-05 1.773835e+00	-4.180100e-05 -5.091022e-05 1.756126e+00	2.233535e-05 3.102033e-05 1.770908e-02
1.545818      	-2.089630e-05 -2.236506e-05 1.780937e+00	-4.335965e-05 -5.353241e-05 1.763248e+00	2.246335e-05 3.116734e-05 1.768889e-02
1.548943      	-2.094926e-05 -2.308369e-05 1.788114e+00	-4.354838e-05 -5.440139e-05 1.770465e+00	2.259912e-05 3.131770e-05 1.764883e-02
1.552068      	-2.134045e-05 -2.435939e-05 1.795341e+00	-4.408346e-05 -5.582894e-05 1.777753e+00	2.274301e-05 3.146955e-05 1.758822e-02
1.555193      	-2.165083e-05 -2.536965e-05 1.802436e+00	-4.455190e-05 -5.700189e-05 1.784929e+00	2.290106e-05 3.163225e-05 1.750696e-02
1.558318      	-2.232939e-05 -2.701735e-05 1.809181e+00	-4.539098e-05 -5.881944e-05 1.791775e+00	2.306159e-05 3.180209e-05 1.740583e-02
1.561443      	-2.299565e-05 -2.884644e-05 1.816481e+00	-4.621962e-05 -6.083960e-05 1.799195e+00	2.322397e-05 3.199316e-05 1.728586e-02
