# Moment      
# CofR        : (0.000000e+00 0.000000e+00 0.000000e+00)
#
# Time        	(total_x total_y total_z)	(pressure_x pressure_y pressure_z)	(viscous_x viscous_y viscous_z)
0.004166      	(-5.767370e-05 9.835444e-05 -4.422161e-08)	(-4.903699e-05 1.065211e-04 3.815790e-09)	(-8.636709e-06 -8.166688e-06 -4.803740e-08)
0.008332      	(-4.859716e-05 -3.384872e-05 -5.150179e-08)	(-3.639286e-05 -1.962779e-05 2.995333e-09)	(-1.220430e-05 -1.422093e-05 -5.449712e-08)
0.012498      	(-1.603081e-05 -4.830302e-05 -3.473297e-08)	(-7.950427e-06 -3.001106e-05 1.751530e-09)	(-8.080386e-06 -1.829196e-05 -3.648450e-08)
0.016664      	(-3.002719e-05 -2.468532e-05 -2.024472e-08)	(-2.728390e-05 -5.239871e-06 9.746827e-10)	(-2.743296e-06 -1.944545e-05 -2.121940e-08)
0.02083       	(-3.127565e-05 -2.902338e-05 -1.067290e-08)	(-3.162659e-05 -1.010859e-05 7.636603e-10)	(3.509351e-07 -1.891479e-05 -1.143656e-08)
0.024996      	(4.482787e-06 -3.359447e-05 -5.280042e-09)	(1.712002e-06 -1.535722e-05 6.703732e-10)	(2.770785e-06 -1.823725e-05 -5.950415e-09)
0.029162      	(-1.837597e-05 -1.786596e-05 -2.515652e-09)	(-2.255478e-05 -6.920144e-07 5.564591e-10)	(4.178812e-06 -1.717395e-05 -3.072111e-09)
0.033328      	(-8.376363e-06 -2.296898e-05 -4.413389e-10)	(-1.330310e-05 -6.983081e-06 5.427878e-10)	(4.926742e-06 -1.598590e-05 -9.841267e-10)
0.037494      	(-5.396989e-06 -2.040356e-05 1.105099e-09)	(-1.083181e-05 -5.531207e-06 5.063198e-10)	(5.434820e-06 -1.487235e-05 5.987790e-10)
0.04166       	(-6.420235e-06 -1.721114e-05 1.461681e-09)	(-1.202563e-05 -3.471717e-06 4.602687e-10)	(5.605390e-06 -1.373943e-05 1.001412e-09)
0.045826      	(-5.806331e-06 -1.546688e-05 1.707985e-09)	(-1.138771e-05 -2.808176e-06 4.393017e-10)	(5.581382e-06 -1.265870e-05 1.268683e-09)
0.049992      	(-4.379274e-06 -1.436434e-05 2.274855e-09)	(-9.857146e-06 -2.683115e-06 4.151061e-10)	(5.477872e-06 -1.168122e-05 1.859749e-09)
0.054158      	(-4.235711e-06 -1.256123e-05 3.413000e-09)	(-9.550544e-06 -1.769957e-06 3.818249e-10)	(5.314833e-06 -1.079127e-05 3.031176e-09)
0.058324      	(-4.201552e-06 -1.127861e-05 4.337684e-09)	(-9.358173e-06 -1.290257e-06 3.560798e-10)	(5.156621e-06 -9.988353e-06 3.981604e-09)
0.06249       	(-4.200948e-06 -1.029172e-05 5.417578e-09)	(-9.218160e-06 -1.051474e-06 3.356619e-10)	(5.017212e-06 -9.240248e-06 5.081916e-09)
0.066656      	(-3.204191e-06 -9.648228e-06 5.704223e-09)	(-8.063451e-06 -1.109779e-06 3.136480e-10)	(4.859260e-06 -8.538449e-06 5.390575e-09)
0.070822      	(-2.186487e-06 -9.050172e-06 5.234847e-09)	(-6.879688e-06 -1.154489e-06 2.926393e-10)	(4.693201e-06 -7.895683e-06 4.942207e-09)
0.074988      	(-1.791913e-06 -8.111831e-06 5.556839e-09)	(-6.319270e-06 -8.176587e-07 2.748559e-10)	(4.527357e-06 -7.294172e-06 5.281983e-09)
0.079154      	(-1.415433e-06 -7.524263e-06 6.327642e-09)	(-5.774798e-06 -7.962201e-07 2.548189e-10)	(4.359366e-06 -6.728043e-06 6.072823e-09)
0.08332       	(-9.373045e-07 -7.213758e-06 6.756335e-09)	(-5.130651e-06 -1.011987e-06 2.339902e-10)	(4.193347e-06 -6.201771e-06 6.522345e-09)
0.087486      	(5.548457e-07 -6.665336e-06 6.997627e-09)	(-3.481069e-06 -9.499491e-07 2.145283e-10)	(4.035915e-06 -5.715387e-06 6.783099e-09)
0.091652      	(8.962985e-07 -6.562780e-06 7.186434e-09)	(-2.992089e-06 -1.302253e-06 1.961872e-10)	(3.888387e-06 -5.260527e-06 6.990247e-09)
0.095818      	(1.336921e-06 -6.418571e-06 7.178666e-09)	(-2.399443e-06 -1.586384e-06 1.771032e-10)	(3.736364e-06 -4.832187e-06 7.001563e-09)
0.098943      	(1.216803e-06 -6.501089e-06 7.245037e-09)	(-2.395621e-06 -1.954726e-06 1.664812e-10)	(3.612424e-06 -4.546362e-06 7.078556e-09)
0.102068      	(1.625783e-06 -4.831491e-06 7.423465e-09)	(-1.839223e-06 -5.821997e-07 1.541266e-10)	(3.465006e-06 -4.249292e-06 7.269338e-09)
0.105193      	(2.165683e-06 -5.554665e-06 7.574461e-09)	(-1.184706e-06 -1.586354e-06 1.406671e-10)	(3.350389e-06 -3.968310e-06 7.433794e-09)
0.108318      	(2.297352e-06 -4.622711e-06 7.734249e-09)	(-9.621255e-07 -9.029483e-07 1.288712e-10)	(3.259477e-06 -3.719763e-06 7.605378e-09)
0.111443      	(2.111530e-06 -3.394140e-06 7.688506e-09)	(-1.057933e-06 1.145690e-07 1.146518e-10)	(3.169463e-06 -3.508709e-06 7.573854e-09)
0.114568      	(3.554105e-06 -7.688043e-06 7.536483e-09)	(4.929755e-07 -4.466484e-06 1.072620e-10)	(3.061129e-06 -3.221559e-06 7.429221e-09)
0.117693      	(4.140926e-06 -5.568812e-06 7.518749e-09)	(1.183306e-06 -2.622122e-06 9.646751e-11)	(2.957620e-06 -2.946691e-06 7.422281e-09)
0.120818      	(3.510544e-06 -4.950263e-06 7.384450e-09)	(6.546427e-07 -2.226850e-06 3.722981e-11)	(2.855902e-06 -2.723413e-06 7.347220e-09)
0.123943      	(4.833401e-06 -4.660697e-06 7.355044e-09)	(2.065640e-06 -2.145909e-06 8.319550e-11)	(2.767761e-06 -2.514788e-06 7.271849e-09)
0.127068      	(4.754661e-06 -4.217678e-06 7.228662e-09)	(2.066359e-06 -1.900852e-06 7.011224e-11)	(2.688302e-06 -2.316826e-06 7.158550e-09)
0.130193      	(6.918630e-06 -5.071130e-06 7.091493e-09)	(4.301180e-06 -2.948349e-06 8.256630e-11)	(2.617450e-06 -2.122781e-06 7.008927e-09)
0.133318      	(5.709097e-06 -4.065793e-06 6.995222e-09)	(3.162404e-06 -2.122052e-06 5.489112e-11)	(2.546693e-06 -1.943740e-06 6.940331e-09)
0.136443      	(5.994652e-06 -4.504560e-06 6.844513e-09)	(3.518023e-06 -2.727855e-06 4.648187e-11)	(2.476628e-06 -1.776704e-06 6.798031e-09)
0.139568      	(4.738319e-06 -4.580351e-06 6.640518e-09)	(2.327749e-06 -2.965657e-06 3.254348e-11)	(2.410570e-06 -1.614694e-06 6.607974e-09)
0.142693      	(5.769515e-06 -2.994236e-06 6.538809e-09)	(3.426032e-06 -1.518557e-06 1.231046e-11)	(2.343484e-06 -1.475679e-06 6.526498e-09)
0.145818      	(6.588919e-06 -3.915818e-06 6.457354e-09)	(4.309783e-06 -2.575276e-06 1.917540e-11)	(2.279137e-06 -1.340542e-06 6.438179e-09)
0.148943      	(7.402553e-06 -4.198638e-06 6.310832e-09)	(5.165554e-06 -2.988258e-06 2.130548e-11)	(2.237000e-06 -1.210380e-06 6.289526e-09)
0.152068      	(6.846700e-06 -3.925883e-06 6.081358e-09)	(4.651042e-06 -2.832760e-06 6.670539e-12)	(2.195658e-06 -1.093122e-06 6.074688e-09)
0.155193      	(7.160624e-06 -3.873977e-06 5.858218e-09)	(5.000849e-06 -2.882394e-06 -6.760962e-13)	(2.159775e-06 -9.915823e-07 5.858895e-09)
0.158318      	(7.589379e-06 -3.814593e-06 5.644917e-09)	(5.444139e-06 -2.909046e-06 -2.074578e-11)	(2.145240e-06 -9.055472e-07 5.665662e-09)
0.161443      	(6.131351e-06 -3.607202e-06 5.518597e-09)	(4.050252e-06 -2.804497e-06 9.070224e-12)	(2.081099e-06 -8.027059e-07 5.509527e-09)
0.164568      	(7.762572e-06 -3.476577e-06 5.321170e-09)	(5.767136e-06 -2.779213e-06 1.994512e-12)	(1.995435e-06 -6.973637e-07 5.319176e-09)
0.167693      	(7.437226e-06 -2.732206e-06 5.205689e-09)	(5.477228e-06 -2.124438e-06 -2.040398e-11)	(1.959997e-06 -6.077672e-07 5.226093e-09)
0.170818      	(9.000618e-06 -3.599344e-06 5.086251e-09)	(7.061648e-06 -3.068699e-06 -1.534736e-11)	(1.938970e-06 -5.306444e-07 5.101598e-09)
0.173943      	(7.731012e-06 -3.954410e-06 4.848050e-09)	(5.821955e-06 -3.496564e-06 -1.890412e-11)	(1.909057e-06 -4.578460e-07 4.866954e-09)
0.177068      	(8.674584e-06 -3.455338e-06 4.578211e-09)	(6.793713e-06 -3.063514e-06 -2.171081e-11)	(1.880871e-06 -3.918243e-07 4.599921e-09)
0.180193      	(8.198456e-06 -4.103555e-06 4.309425e-09)	(6.340814e-06 -3.771108e-06 -2.460693e-11)	(1.857642e-06 -3.324470e-07 4.334032e-09)
0.183318      	(8.069122e-06 -2.667914e-06 3.977910e-09)	(6.247753e-06 -2.404588e-06 -1.205361e-10)	(1.821369e-06 -2.633255e-07 4.098446e-09)
0.186443      	(5.153812e-06 -1.220447e-07 3.887161e-09)	(3.421686e-06 2.694733e-08 5.346437e-11)	(1.732125e-06 -1.489920e-07 3.833697e-09)
0.189568      	(6.834718e-06 -2.353180e-06 3.553856e-09)	(5.162227e-06 -2.281006e-06 -2.369057e-11)	(1.672491e-06 -7.217447e-08 3.577547e-09)
0.192693      	(7.291684e-06 -2.301661e-06 3.360218e-09)	(5.633253e-06 -2.270763e-06 -1.717319e-11)	(1.658431e-06 -3.089780e-08 3.377391e-09)
0.195818      	(7.881162e-06 -2.600330e-06 3.076999e-09)	(6.221196e-06 -2.602448e-06 -3.370271e-11)	(1.659966e-06 2.118276e-09 3.110701e-09)
0.198943      	(8.159856e-06 -2.056444e-06 2.791662e-09)	(6.520612e-06 -2.114712e-06 -4.985308e-11)	(1.639244e-06 5.826794e-08 2.841515e-09)
0.202068      	(3.581672e-06 4.986650e-07 2.594546e-09)	(2.030108e-06 3.501284e-07 6.150006e-11)	(1.551563e-06 1.485366e-07 2.533046e-09)
0.205193      	(9.173462e-06 -3.544666e-06 2.219825e-09)	(7.620678e-06 -3.711518e-06 -4.224428e-11)	(1.552784e-06 1.668519e-07 2.262069e-09)
0.208318      	(9.041494e-06 -2.961065e-06 1.983234e-09)	(7.460703e-06 -3.124552e-06 -4.249000e-11)	(1.580791e-06 1.634874e-07 2.025724e-09)
0.211443      	(8.312810e-06 -2.637036e-06 1.748214e-09)	(6.729560e-06 -2.812428e-06 -3.696939e-11)	(1.583250e-06 1.753913e-07 1.785183e-09)
0.214568      	(8.506924e-06 -2.512370e-06 1.682230e-09)	(6.934949e-06 -2.705481e-06 -4.004349e-11)	(1.571975e-06 1.931103e-07 1.722273e-09)
0.217693      	(8.722016e-06 -2.839896e-06 1.592108e-09)	(7.163584e-06 -3.050273e-06 -4.499378e-11)	(1.558432e-06 2.103761e-07 1.637102e-09)
0.220818      	(7.224128e-06 -6.956136e-07 1.399490e-09)	(5.701572e-06 -9.430854e-07 -3.404278e-11)	(1.522555e-06 2.474718e-07 1.433533e-09)
0.223943      	(6.557567e-06 -1.021553e-06 1.090871e-09)	(5.084148e-06 -1.306090e-06 -4.198650e-11)	(1.473419e-06 2.845362e-07 1.132858e-09)
0.227068      	(8.226759e-06 -2.225363e-06 7.649469e-10)	(6.775056e-06 -2.521129e-06 -4.400596e-11)	(1.451702e-06 2.957665e-07 8.089529e-10)
0.230193      	(8.315774e-06 -2.274341e-06 5.813419e-10)	(6.874398e-06 -2.573941e-06 -4.774993e-11)	(1.441376e-06 2.995997e-07 6.290919e-10)
0.233318      	(7.555361e-06 -1.817648e-06 4.391690e-10)	(6.135423e-06 -2.126191e-06 -5.046435e-11)	(1.419938e-06 3.085426e-07 4.896334e-10)
0.236443      	(7.226215e-06 -1.417565e-06 1.648301e-10)	(5.832629e-06 -1.740524e-06 -3.931246e-11)	(1.393586e-06 3.229590e-07 2.041425e-10)
0.239568      	(6.376934e-06 -4.693579e-07 -6.242058e-11)	(5.005363e-06 -8.093050e-07 -3.708088e-11)	(1.371571e-06 3.399471e-07 -2.533970e-11)
0.242693      	(7.120892e-06 -1.407599e-06 -1.694843e-10)	(5.761500e-06 -1.757222e-06 -4.222773e-11)	(1.359392e-06 3.496223e-07 -1.272566e-10)
0.245818      	(7.014800e-06 -1.087611e-06 -4.233196e-10)	(5.670836e-06 -1.445872e-06 -4.046531e-11)	(1.343964e-06 3.582609e-07 -3.828543e-10)
0.248943      	(7.634944e-06 -1.018077e-06 -6.585507e-10)	(6.307494e-06 -1.384891e-06 -3.844575e-11)	(1.327451e-06 3.668147e-07 -6.201049e-10)
0.252068      	(6.700968e-06 -1.243354e-06 -8.556153e-10)	(5.390654e-06 -1.614524e-06 -3.415913e-11)	(1.310313e-06 3.711698e-07 -8.214562e-10)
0.255193      	(6.306154e-06 -3.751177e-07 -9.705019e-10)	(5.019058e-06 -7.494570e-07 -3.279170e-11)	(1.287097e-06 3.743393e-07 -9.377103e-10)
0.258318      	(6.479903e-06 -3.460171e-07 -9.561281e-10)	(5.220307e-06 -7.193801e-07 -3.025812e-11)	(1.259596e-06 3.733630e-07 -9.258699e-10)
0.261443      	(6.628925e-06 -2.645537e-07 -1.099531e-09)	(5.398525e-06 -6.469242e-07 -2.472928e-11)	(1.230400e-06 3.823706e-07 -1.074802e-09)
0.264568      	(5.880597e-06 -9.346379e-07 -1.406169e-09)	(4.651642e-06 -1.352345e-06 -2.307285e-11)	(1.228956e-06 4.177069e-07 -1.383096e-09)
0.267693      	(6.390220e-06 -4.441404e-08 -1.545353e-09)	(5.163322e-06 -4.784400e-07 -2.013608e-11)	(1.226899e-06 4.340260e-07 -1.525217e-09)
0.270818      	(6.046506e-06 3.725133e-07 -1.672862e-09)	(4.832219e-06 -6.175857e-08 -1.604701e-11)	(1.214287e-06 4.342718e-07 -1.656815e-09)
0.273943      	(6.343968e-06 -2.031898e-07 -1.757803e-09)	(5.134231e-06 -6.250778e-07 -1.736537e-12)	(1.209737e-06 4.218880e-07 -1.756067e-09)
0.277068      	(6.206776e-06 3.606310e-07 -1.851765e-09)	(5.004201e-06 -5.673217e-08 -1.789827e-12)	(1.202575e-06 4.173631e-07 -1.849975e-09)
0.280193      	(5.249270e-06 7.901001e-07 -1.933573e-09)	(4.059607e-06 3.604013e-07 1.966996e-13)	(1.189663e-06 4.296988e-07 -1.933770e-09)
0.283318      	(6.144034e-06 9.746637e-07 -2.002320e-09)	(4.959238e-06 5.319237e-07 4.754460e-12)	(1.184796e-06 4.427400e-07 -2.007075e-09)
0.286443      	(5.641507e-06 7.352737e-07 -2.042149e-09)	(4.461135e-06 2.837811e-07 9.678223e-12)	(1.180372e-06 4.514926e-07 -2.051827e-09)
0.289568      	(5.694540e-06 1.349869e-06 -2.025709e-09)	(4.524400e-06 8.892268e-07 2.096421e-11)	(1.170140e-06 4.606423e-07 -2.046673e-09)
0.292693      	(5.832294e-06 5.111913e-07 -2.137087e-09)	(4.666732e-06 4.769458e-08 2.503463e-11)	(1.165562e-06 4.634967e-07 -2.162122e-09)
0.295818      	(5.911678e-06 1.345404e-06 -2.235796e-09)	(4.751369e-06 8.758311e-07 3.085647e-11)	(1.160309e-06 4.695728e-07 -2.266653e-09)
0.298943      	(6.287049e-06 1.252831e-06 -2.260216e-09)	(5.131036e-06 7.754891e-07 3.803771e-11)	(1.156013e-06 4.773415e-07 -2.298254e-09)
0.302068      	(5.885529e-06 1.405280e-06 -2.271839e-09)	(4.735534e-06 9.203609e-07 4.911618e-11)	(1.149996e-06 4.849188e-07 -2.320955e-09)
0.305193      	(5.382933e-06 1.547161e-06 -2.306458e-09)	(4.243264e-06 1.051410e-06 3.957584e-11)	(1.139669e-06 4.957509e-07 -2.346034e-09)
0.308318      	(5.602176e-06 1.767609e-06 -2.310014e-09)	(4.473332e-06 1.259536e-06 4.633780e-11)	(1.128844e-06 5.080732e-07 -2.356352e-09)
0.311443      	(6.151095e-06 1.957402e-06 -2.307666e-09)	(5.028045e-06 1.439433e-06 5.633902e-11)	(1.123051e-06 5.179687e-07 -2.364005e-09)
0.314568      	(5.469818e-06 2.002142e-06 -2.252808e-09)	(4.351530e-06 1.472246e-06 6.448983e-11)	(1.118288e-06 5.298957e-07 -2.317298e-09)
0.317693      	(5.872090e-06 2.131225e-06 -2.256783e-09)	(4.757584e-06 1.588602e-06 7.196231e-11)	(1.114507e-06 5.426233e-07 -2.328746e-09)
0.320818      	(6.034659e-06 2.132590e-06 -2.259219e-09)	(4.922472e-06 1.575909e-06 7.726513e-11)	(1.112187e-06 5.566814e-07 -2.336484e-09)
0.323943      	(5.637985e-06 2.354680e-06 -2.204540e-09)	(4.529743e-06 1.780025e-06 7.995426e-11)	(1.108243e-06 5.746549e-07 -2.284494e-09)
0.327068      	(6.286692e-06 2.444992e-06 -2.173069e-09)	(5.180365e-06 1.851339e-06 8.577084e-11)	(1.106327e-06 5.936529e-07 -2.258840e-09)
0.330193      	(5.899031e-06 2.836779e-06 -2.131801e-09)	(4.796602e-06 2.221481e-06 9.016794e-11)	(1.102429e-06 6.152984e-07 -2.221969e-09)
0.333318      	(6.280977e-06 2.602596e-06 -2.080352e-09)	(5.180433e-06 1.965941e-06 9.219384e-11)	(1.100544e-06 6.366547e-07 -2.172546e-09)
0.336443      	(6.221041e-06 2.712502e-06 -2.041779e-09)	(5.121688e-06 2.054040e-06 9.934538e-11)	(1.099353e-06 6.584628e-07 -2.141124e-09)
0.339568      	(6.003381e-06 3.087848e-06 -2.035341e-09)	(4.906409e-06 2.405649e-06 1.047997e-10)	(1.096972e-06 6.821990e-07 -2.140141e-09)
0.342693      	(6.471268e-06 2.999391e-06 -2.046331e-09)	(5.374192e-06 2.291887e-06 1.103103e-10)	(1.097077e-06 7.075040e-07 -2.156642e-09)
0.345818      	(6.574770e-06 3.098780e-06 -2.066990e-09)	(5.475910e-06 2.365798e-06 1.085802e-10)	(1.098859e-06 7.329815e-07 -2.175570e-09)
0.348943      	(6.457671e-06 3.270085e-06 -2.095024e-09)	(5.359722e-06 2.509287e-06 1.088871e-10)	(1.097949e-06 7.607979e-07 -2.203911e-09)
0.352068      	(6.645055e-06 3.264450e-06 -2.141318e-09)	(5.547259e-06 2.476145e-06 1.064821e-10)	(1.097796e-06 7.883044e-07 -2.247800e-09)
0.355193      	(7.060828e-06 3.304106e-06 -2.182838e-09)	(5.960297e-06 2.487992e-06 1.144520e-10)	(1.100532e-06 8.161138e-07 -2.297290e-09)
0.358318      	(7.112199e-06 3.509634e-06 -2.231747e-09)	(6.007490e-06 2.663645e-06 1.322002e-10)	(1.104709e-06 8.459885e-07 -2.363947e-09)
0.361443      	(7.265298e-06 3.878377e-06 -2.312067e-09)	(6.158335e-06 2.995986e-06 1.152699e-10)	(1.106963e-06 8.823906e-07 -2.427337e-09)
0.364568      	(7.488744e-06 3.589795e-06 -2.351111e-09)	(6.378378e-06 2.674309e-06 1.121271e-10)	(1.110366e-06 9.154859e-07 -2.463239e-09)
0.367693      	(7.883561e-06 3.163071e-06 -2.397002e-09)	(6.767428e-06 2.221067e-06 1.391442e-10)	(1.116133e-06 9.420045e-07 -2.536146e-09)
0.370818      	(6.544801e-06 4.741734e-06 -2.434996e-09)	(5.439796e-06 3.753149e-06 1.418496e-10)	(1.105005e-06 9.885852e-07 -2.576846e-09)
0.373943      	(7.963345e-06 3.910523e-06 -2.457997e-09)	(6.861371e-06 2.873382e-06 1.417054e-10)	(1.101974e-06 1.037141e-06 -2.599702e-09)
0.377068      	(8.079997e-06 3.811147e-06 -2.467295e-09)	(6.973942e-06 2.727783e-06 1.572829e-10)	(1.106055e-06 1.083364e-06 -2.624577e-09)
0.380193      	(7.394505e-06 6.006502e-06 -2.482010e-09)	(6.295211e-06 4.851643e-06 1.481050e-10)	(1.099294e-06 1.154859e-06 -2.630115e-09)
0.383318      	(8.807032e-06 2.159835e-06 -2.509096e-09)	(7.705261e-06 9.603817e-07 1.447450e-10)	(1.101771e-06 1.199454e-06 -2.653841e-09)
0.386443      	(8.380487e-06 4.363073e-06 -2.541502e-09)	(7.279247e-06 3.109226e-06 1.535370e-10)	(1.101240e-06 1.253847e-06 -2.695039e-09)
0.389568      	(8.421526e-06 4.210411e-06 -2.565823e-09)	(7.324532e-06 2.891530e-06 1.576525e-10)	(1.096995e-06 1.318881e-06 -2.723476e-09)
0.392693      	(9.146460e-06 3.740339e-06 -2.592088e-09)	(8.053972e-06 2.360478e-06 1.606278e-10)	(1.092488e-06 1.379861e-06 -2.752715e-09)
0.395818      	(9.022860e-06 4.102428e-06 -2.616148e-09)	(7.930904e-06 2.659766e-06 1.627356e-10)	(1.091956e-06 1.442662e-06 -2.778883e-09)
0.398943      	(8.960264e-06 4.067422e-06 -2.648022e-09)	(7.873355e-06 2.558052e-06 1.606671e-10)	(1.086909e-06 1.509370e-06 -2.808689e-09)
0.402068      	(9.377496e-06 3.998726e-06 -2.675486e-09)	(8.300116e-06 2.419106e-06 1.683818e-10)	(1.077380e-06 1.579621e-06 -2.843868e-09)
0.405193      	(9.817759e-06 3.878388e-06 -2.692054e-09)	(8.752260e-06 2.227501e-06 1.662303e-10)	(1.065499e-06 1.650887e-06 -2.858285e-09)
0.408318      	(9.649013e-06 4.058007e-06 -2.712269e-09)	(8.598629e-06 2.332680e-06 1.767042e-10)	(1.050385e-06 1.725327e-06 -2.888973e-09)
0.411443      	(9.878404e-06 4.048466e-06 -2.765591e-09)	(8.844910e-06 2.245863e-06 1.770082e-10)	(1.033494e-06 1.802603e-06 -2.942600e-09)
0.414568      	(9.821787e-06 4.186700e-06 -2.831027e-09)	(8.809498e-06 2.302918e-06 1.809804e-10)	(1.012289e-06 1.883782e-06 -3.012008e-09)
0.417693      	(9.927198e-06 4.196863e-06 -2.902309e-09)	(8.940676e-06 2.228793e-06 1.873919e-10)	(9.865221e-07 1.968070e-06 -3.089701e-09)
0.420818      	(9.978619e-06 4.120283e-06 -2.956583e-09)	(9.019633e-06 2.065861e-06 1.888672e-10)	(9.589857e-07 2.054422e-06 -3.145450e-09)
0.423943      	(1.015081e-05 4.129494e-06 -3.003170e-09)	(9.223187e-06 1.986034e-06 1.980541e-10)	(9.276254e-07 2.143459e-06 -3.201224e-09)
0.427068      	(1.015680e-05 4.184859e-06 -3.067798e-09)	(9.264504e-06 1.950464e-06 2.049532e-10)	(8.922981e-07 2.234394e-06 -3.272751e-09)
0.430193      	(1.043769e-05 4.254581e-06 -3.141009e-09)	(9.582657e-06 1.927033e-06 2.100905e-10)	(8.550346e-07 2.327548e-06 -3.351099e-09)
0.433318      	(1.035308e-05 4.279173e-06 -3.230996e-09)	(9.539695e-06 1.855398e-06 2.168346e-10)	(8.133838e-07 2.423776e-06 -3.447831e-09)
0.436443      	(1.042724e-05 4.295267e-06 -3.342666e-09)	(9.659270e-06 1.773356e-06 2.284190e-10)	(7.679716e-07 2.521911e-06 -3.571085e-09)
0.439568      	(1.037600e-05 4.214691e-06 -3.467028e-09)	(9.653168e-06 1.597743e-06 2.388198e-10)	(7.228305e-07 2.616949e-06 -3.705848e-09)
0.442693      	(1.082896e-05 2.670708e-06 -3.556680e-09)	(1.015040e-05 -3.213149e-08 2.474949e-10)	(6.785642e-07 2.702839e-06 -3.804174e-09)
0.445818      	(1.097579e-05 3.062901e-06 -3.648430e-09)	(1.034179e-05 2.661121e-07 2.488663e-10)	(6.339934e-07 2.796789e-06 -3.897296e-09)
0.448943      	(1.060045e-05 3.943074e-06 -3.761461e-09)	(1.002698e-05 1.036511e-06 2.535476e-10)	(5.734756e-07 2.906564e-06 -4.015008e-09)
0.452068      	(1.034889e-05 3.831486e-06 -3.860956e-09)	(9.846905e-06 8.109510e-07 2.601743e-10)	(5.019890e-07 3.020535e-06 -4.121130e-09)
0.455193      	(1.001547e-05 3.891540e-06 -3.948056e-09)	(9.586100e-06 7.566580e-07 2.652206e-10)	(4.293657e-07 3.134882e-06 -4.213277e-09)
0.458318      	(1.071619e-05 3.841993e-06 -4.044661e-09)	(1.036430e-05 5.926800e-07 2.761923e-10)	(3.518896e-07 3.249313e-06 -4.320853e-09)
0.461443      	(1.020928e-05 3.742142e-06 -4.145455e-09)	(9.934093e-06 3.789549e-07 2.833632e-10)	(2.751907e-07 3.363187e-06 -4.428818e-09)
0.464568      	(1.053244e-05 3.783915e-06 -4.220985e-09)	(1.033401e-05 3.072135e-07 2.974528e-10)	(1.984295e-07 3.476701e-06 -4.518438e-09)
0.467693      	(1.216385e-05 2.645435e-06 -4.293220e-09)	(1.203148e-05 -9.369362e-07 2.985388e-10)	(1.323675e-07 3.582371e-06 -4.591759e-09)
0.470818      	(1.093267e-05 2.782065e-06 -4.373536e-09)	(1.087995e-05 -9.130455e-07 2.981974e-10)	(5.271342e-08 3.695111e-06 -4.671733e-09)
0.473943      	(1.016939e-05 3.717100e-06 -4.448274e-09)	(1.021159e-05 -1.040977e-07 3.180621e-10)	(-4.219405e-08 3.821198e-06 -4.766336e-09)
0.477068      	(1.001595e-05 3.821730e-06 -4.503928e-09)	(1.015273e-05 -1.247429e-07 3.328952e-10)	(-1.367736e-07 3.946473e-06 -4.836823e-09)
0.480193      	(1.007445e-05 3.547717e-06 -4.563022e-09)	(1.029932e-05 -5.142511e-07 3.375715e-10)	(-2.248692e-07 4.061968e-06 -4.900593e-09)
0.483318      	(1.007629e-05 3.524506e-06 -4.610979e-09)	(1.038741e-05 -6.459034e-07 3.467848e-10)	(-3.111212e-07 4.170409e-06 -4.957763e-09)
0.486443      	(9.981405e-06 3.581437e-06 -4.656731e-09)	(1.037805e-05 -6.939076e-07 3.564371e-10)	(-3.966428e-07 4.275344e-06 -5.013168e-09)
0.489568      	(9.780061e-06 3.654971e-06 -4.707695e-09)	(1.026013e-05 -7.212518e-07 3.594795e-10)	(-4.800679e-07 4.376222e-06 -5.067175e-09)
0.492693      	(9.845842e-06 3.666456e-06 -4.727115e-09)	(1.040694e-05 -8.058092e-07 3.662057e-10)	(-5.610969e-07 4.472266e-06 -5.093321e-09)
0.495818      	(9.676919e-06 3.613973e-06 -4.728494e-09)	(1.031649e-05 -9.478414e-07 3.701389e-10)	(-6.395722e-07 4.561814e-06 -5.098632e-09)
0.498943      	(9.321876e-06 3.749542e-06 -4.714434e-09)	(1.004164e-05 -8.968654e-07 3.715041e-10)	(-7.197615e-07 4.646408e-06 -5.085938e-09)
0.502068      	(9.328994e-06 3.679541e-06 -4.703512e-09)	(1.012673e-05 -1.045511e-06 3.734215e-10)	(-7.977339e-07 4.725051e-06 -5.076934e-09)
0.505193      	(9.299536e-06 3.790125e-06 -4.701300e-09)	(1.017220e-05 -1.007016e-06 3.776534e-10)	(-8.726671e-07 4.797141e-06 -5.078954e-09)
0.508318      	(9.135209e-06 3.801891e-06 -4.707565e-09)	(1.007917e-05 -1.059753e-06 3.782367e-10)	(-9.439594e-07 4.861644e-06 -5.085802e-09)
0.511443      	(8.829246e-06 3.914313e-06 -4.663179e-09)	(9.844164e-06 -1.004924e-06 3.798562e-10)	(-1.014918e-06 4.919237e-06 -5.043035e-09)
0.514568      	(8.682608e-06 3.996749e-06 -4.601075e-09)	(9.768465e-06 -9.749576e-07 3.803961e-10)	(-1.085856e-06 4.971707e-06 -4.981471e-09)
0.517693      	(8.559962e-06 4.103127e-06 -4.550508e-09)	(9.715109e-06 -9.169803e-07 3.745046e-10)	(-1.155147e-06 5.020108e-06 -4.925013e-09)
0.520818      	(8.284328e-06 4.235040e-06 -4.501579e-09)	(9.505558e-06 -8.287409e-07 3.729358e-10)	(-1.221230e-06 5.063781e-06 -4.874514e-09)
0.523943      	(8.041454e-06 4.296278e-06 -4.444084e-09)	(9.326165e-06 -8.056758e-07 3.732453e-10)	(-1.284711e-06 5.101953e-06 -4.817329e-09)
0.527068      	(7.982860e-06 4.081899e-06 -4.413398e-09)	(9.329299e-06 -1.049619e-06 3.684755e-10)	(-1.346439e-06 5.131518e-06 -4.781873e-09)
0.530193      	(7.764102e-06 4.699230e-06 -4.389591e-09)	(9.174000e-06 -4.619231e-07 3.648356e-10)	(-1.409898e-06 5.161153e-06 -4.754427e-09)
0.533318      	(8.055231e-06 3.415649e-06 -4.364592e-09)	(9.520607e-06 -1.760762e-06 3.532758e-10)	(-1.465375e-06 5.176411e-06 -4.717868e-09)
0.536443      	(7.099793e-06 4.622490e-06 -4.291643e-09)	(8.624469e-06 -5.711017e-07 3.528936e-10)	(-1.524675e-06 5.193592e-06 -4.644537e-09)
0.539568      	(7.391708e-06 3.985984e-06 -4.227312e-09)	(8.974961e-06 -1.219239e-06 3.462187e-10)	(-1.583252e-06 5.205223e-06 -4.573531e-09)
0.542693      	(6.827656e-06 4.298852e-06 -4.193181e-09)	(8.469170e-06 -9.116615e-07 3.399496e-10)	(-1.641514e-06 5.210513e-06 -4.533130e-09)
0.545818      	(6.974810e-06 4.491167e-06 -4.176224e-09)	(8.670600e-06 -7.225042e-07 3.359280e-10)	(-1.695790e-06 5.213671e-06 -4.512152e-09)
0.548943      	(6.332503e-06 4.873579e-06 -4.170490e-09)	(8.082422e-06 -3.409696e-07 3.311842e-10)	(-1.749919e-06 5.214549e-06 -4.501674e-09)
0.552068      	(7.045063e-06 3.523846e-06 -4.187750e-09)	(8.839919e-06 -1.672452e-06 3.179896e-10)	(-1.794856e-06 5.196298e-06 -4.505740e-09)
0.555193      	(5.924262e-06 4.793507e-06 -4.214569e-09)	(7.765125e-06 -3.918600e-07 3.177150e-10)	(-1.840863e-06 5.185367e-06 -4.532284e-09)
0.558318      	(5.581297e-06 5.001674e-06 -4.270238e-09)	(7.479741e-06 -1.775257e-07 3.138494e-10)	(-1.898444e-06 5.179199e-06 -4.584088e-09)
0.561443      	(5.695091e-06 4.625060e-06 -4.325052e-09)	(7.647175e-06 -5.366032e-07 3.092500e-10)	(-1.952083e-06 5.161663e-06 -4.634302e-09)
0.564568      	(4.528634e-06 5.300785e-06 -4.373009e-09)	(6.527857e-06 1.543696e-07 3.134861e-10)	(-1.999222e-06 5.146416e-06 -4.686495e-09)
0.567693      	(4.985882e-06 5.404454e-06 -4.407355e-09)	(7.029287e-06 2.726703e-07 3.065745e-10)	(-2.043405e-06 5.131784e-06 -4.713929e-09)
0.570818      	(4.295924e-06 5.293619e-06 -4.448204e-09)	(6.389724e-06 1.798895e-07 3.046004e-10)	(-2.093799e-06 5.113730e-06 -4.752805e-09)
0.573943      	(4.383453e-06 5.396894e-06 -4.504754e-09)	(6.522817e-06 3.057328e-07 3.016427e-10)	(-2.139364e-06 5.091161e-06 -4.806397e-09)
0.577068      	(4.064897e-06 5.526887e-06 -4.578571e-09)	(6.249175e-06 4.588633e-07 2.987977e-10)	(-2.184278e-06 5.068023e-06 -4.877369e-09)
0.580193      	(3.418489e-06 5.743984e-06 -4.654628e-09)	(5.648741e-06 6.971101e-07 2.977729e-10)	(-2.230251e-06 5.046874e-06 -4.952400e-09)
0.583318      	(3.583548e-06 5.540948e-06 -4.746829e-09)	(5.856788e-06 5.218551e-07 2.986982e-10)	(-2.273240e-06 5.019093e-06 -5.045527e-09)
0.586443      	(3.312377e-06 5.646322e-06 -4.863903e-09)	(5.624547e-06 6.591879e-07 2.978193e-10)	(-2.312170e-06 4.987134e-06 -5.161722e-09)
0.589568      	(3.093026e-06 5.636752e-06 -5.005041e-09)	(5.442943e-06 6.821879e-07 2.970020e-10)	(-2.349917e-06 4.954564e-06 -5.302043e-09)
0.592693      	(2.931478e-06 5.641149e-06 -5.152535e-09)	(5.317404e-06 7.207055e-07 2.970444e-10)	(-2.385926e-06 4.920443e-06 -5.449580e-09)
0.595818      	(2.902291e-06 5.536400e-06 -5.277673e-09)	(5.321549e-06 6.522540e-07 2.960155e-10)	(-2.419258e-06 4.884146e-06 -5.573688e-09)
0.598943      	(2.813669e-06 5.628697e-06 -5.415095e-09)	(5.265761e-06 7.825948e-07 2.959957e-10)	(-2.452092e-06 4.846102e-06 -5.711091e-09)
0.602068      	(2.205456e-06 5.603994e-06 -5.552777e-09)	(4.688935e-06 7.963636e-07 2.973898e-10)	(-2.483480e-06 4.807631e-06 -5.850167e-09)
0.605193      	(2.067688e-06 5.658951e-06 -5.699943e-09)	(4.578942e-06 8.904466e-07 2.975862e-10)	(-2.511253e-06 4.768504e-06 -5.997530e-09)
0.608318      	(1.926058e-06 5.651884e-06 -5.824243e-09)	(4.463691e-06 9.232303e-07 2.973793e-10)	(-2.537634e-06 4.728654e-06 -6.121622e-09)
0.611443      	(2.062156e-06 5.377410e-06 -5.948903e-09)	(4.626539e-06 6.881260e-07 2.953736e-10)	(-2.564383e-06 4.689284e-06 -6.244277e-09)
0.614568      	(1.744915e-06 5.493977e-06 -6.062193e-09)	(4.333142e-06 8.457999e-07 2.960851e-10)	(-2.588226e-06 4.648177e-06 -6.358278e-09)
0.617693      	(1.817464e-06 5.364935e-06 -6.152425e-09)	(4.428927e-06 7.566893e-07 2.977318e-10)	(-2.611463e-06 4.608246e-06 -6.450157e-09)
0.620818      	(1.753297e-06 5.332801e-06 -6.249484e-09)	(4.386601e-06 7.635333e-07 2.966900e-10)	(-2.633304e-06 4.569268e-06 -6.546174e-09)
0.623943      	(1.649518e-06 5.337938e-06 -6.348957e-09)	(4.304972e-06 8.071506e-07 2.964991e-10)	(-2.655453e-06 4.530788e-06 -6.645456e-09)
0.627068      	(1.594175e-06 5.223276e-06 -6.459426e-09)	(4.270555e-06 7.309816e-07 2.950636e-10)	(-2.676380e-06 4.492294e-06 -6.754490e-09)
0.630193      	(1.567904e-06 5.164782e-06 -6.578619e-09)	(4.264344e-06 7.101542e-07 2.955531e-10)	(-2.696440e-06 4.454628e-06 -6.874172e-09)
0.633318      	(1.556591e-06 5.113872e-06 -6.689357e-09)	(4.272622e-06 6.972261e-07 2.945925e-10)	(-2.716031e-06 4.416646e-06 -6.983950e-09)
0.636443      	(1.813746e-06 4.912690e-06 -6.813644e-09)	(4.547040e-06 5.357104e-07 2.942702e-10)	(-2.733294e-06 4.376980e-06 -7.107914e-09)
0.639568      	(1.382483e-06 4.833595e-06 -6.922294e-09)	(4.130131e-06 4.975686e-07 2.931506e-10)	(-2.747647e-06 4.336027e-06 -7.215445e-09)
0.642693      	(1.220225e-06 4.873660e-06 -6.977707e-09)	(3.981358e-06 5.777794e-07 2.906248e-10)	(-2.761132e-06 4.295881e-06 -7.268332e-09)
0.645818      	(1.338511e-06 4.958151e-06 -7.024621e-09)	(4.115006e-06 6.981310e-07 2.910073e-10)	(-2.776495e-06 4.260020e-06 -7.315628e-09)
0.648943      	(1.425696e-06 4.654188e-06 -7.089228e-09)	(4.217085e-06 4.299629e-07 2.891365e-10)	(-2.791389e-06 4.224225e-06 -7.378365e-09)
0.652068      	(1.416948e-06 4.464906e-06 -7.152314e-09)	(4.219362e-06 2.780290e-07 2.883039e-10)	(-2.802414e-06 4.186877e-06 -7.440618e-09)
0.655193      	(1.375689e-06 4.541951e-06 -7.214345e-09)	(4.187777e-06 3.918644e-07 2.866060e-10)	(-2.812088e-06 4.150086e-06 -7.500951e-09)
0.658318      	(1.310048e-06 4.162220e-06 -7.271898e-09)	(4.130271e-06 4.828763e-08 2.846808e-10)	(-2.820223e-06 4.113932e-06 -7.556579e-09)
0.661443      	(1.257088e-06 4.437376e-06 -7.319922e-09)	(4.084006e-06 3.590043e-07 2.828002e-10)	(-2.826918e-06 4.078372e-06 -7.602722e-09)
0.664568      	(1.249384e-06 4.101906e-06 -7.358862e-09)	(4.083446e-06 5.878947e-08 2.804905e-10)	(-2.834061e-06 4.043116e-06 -7.639352e-09)
0.667693      	(1.499400e-06 4.121144e-06 -7.406378e-09)	(4.339490e-06 1.128754e-07 2.788494e-10)	(-2.840090e-06 4.008269e-06 -7.685227e-09)
0.670818      	(1.189664e-06 4.041448e-06 -7.443994e-09)	(4.031603e-06 6.696751e-08 2.762453e-10)	(-2.841939e-06 3.974481e-06 -7.720239e-09)
0.673943      	(1.329152e-06 4.045783e-06 -7.475155e-09)	(4.173667e-06 1.053091e-07 2.743418e-10)	(-2.844515e-06 3.940474e-06 -7.749497e-09)
0.677068      	(1.452058e-06 3.862366e-06 -7.536475e-09)	(4.298126e-06 -4.433542e-08 2.708776e-10)	(-2.846068e-06 3.906702e-06 -7.807352e-09)
0.680193      	(1.372967e-06 3.896002e-06 -7.585410e-09)	(4.220761e-06 2.214309e-08 2.652367e-10)	(-2.847794e-06 3.873859e-06 -7.850647e-09)
0.683318      	(1.309907e-06 3.863022e-06 -7.595702e-09)	(4.159502e-06 1.918195e-08 2.660164e-10)	(-2.849595e-06 3.843840e-06 -7.861718e-09)
0.686443      	(1.325514e-06 3.731633e-06 -7.596612e-09)	(4.172960e-06 -8.264773e-08 2.630823e-10)	(-2.847446e-06 3.814281e-06 -7.859694e-09)
0.689568      	(1.493922e-06 3.575836e-06 -7.599984e-09)	(4.337523e-06 -2.059463e-07 2.618105e-10)	(-2.843601e-06 3.781782e-06 -7.861795e-09)
0.692693      	(1.191980e-06 3.842782e-06 -7.615271e-09)	(4.033452e-06 9.129024e-08 2.563794e-10)	(-2.841472e-06 3.751492e-06 -7.871650e-09)
0.695818      	(1.023507e-06 4.160099e-06 -7.613032e-09)	(3.866349e-06 4.319002e-07 2.571931e-10)	(-2.842843e-06 3.728199e-06 -7.870225e-09)
0.698943      	(9.498097e-07 4.087900e-06 -7.613416e-09)	(3.791010e-06 3.833461e-07 2.488496e-10)	(-2.841200e-06 3.704554e-06 -7.862265e-09)
0.702068      	(9.784106e-07 3.827162e-06 -7.603501e-09)	(3.815423e-06 1.502349e-07 2.466083e-10)	(-2.837012e-06 3.676928e-06 -7.850109e-09)
0.705193      	(7.885152e-07 4.124647e-06 -7.599790e-09)	(3.620422e-06 4.758670e-07 2.427909e-10)	(-2.831907e-06 3.648780e-06 -7.842581e-09)
0.708318      	(8.105714e-07 3.775084e-06 -7.610494e-09)	(3.635256e-06 1.548719e-07 2.392043e-10)	(-2.824685e-06 3.620212e-06 -7.849698e-09)
0.711443      	(1.484552e-06 3.431647e-06 -7.588177e-09)	(4.298638e-06 -1.595127e-07 2.355665e-10)	(-2.814086e-06 3.591159e-06 -7.823744e-09)
0.714568      	(1.623623e-06 3.515773e-06 -7.577719e-09)	(4.428871e-06 -4.590585e-08 2.316252e-10)	(-2.805248e-06 3.561679e-06 -7.809345e-09)
0.717693      	(8.163254e-07 4.087328e-06 -7.583976e-09)	(3.613604e-06 5.539463e-07 2.257051e-10)	(-2.797279e-06 3.533382e-06 -7.809681e-09)
0.720818      	(1.212098e-06 3.786964e-06 -7.592737e-09)	(3.999600e-06 2.795977e-07 2.268170e-10)	(-2.787502e-06 3.507366e-06 -7.819554e-09)
0.723943      	(1.289950e-06 3.374480e-06 -7.610821e-09)	(4.066075e-06 -1.028739e-07 2.224595e-10)	(-2.776124e-06 3.477354e-06 -7.833280e-09)
0.727068      	(1.177526e-06 3.568889e-06 -7.639776e-09)	(3.941269e-06 1.220145e-07 2.168032e-10)	(-2.763744e-06 3.446875e-06 -7.856579e-09)
0.730193      	(4.535407e-07 4.359573e-06 -7.636390e-09)	(3.211737e-06 9.336302e-07 2.153824e-10)	(-2.758197e-06 3.425943e-06 -7.851773e-09)
0.733318      	(1.261135e-06 3.457667e-06 -7.620872e-09)	(4.007741e-06 5.858487e-08 2.062649e-10)	(-2.746606e-06 3.399082e-06 -7.827137e-09)
0.736443      	(1.237096e-06 3.574059e-06 -7.592424e-09)	(3.967771e-06 2.073896e-07 2.049060e-10)	(-2.730675e-06 3.366670e-06 -7.797330e-09)
0.739568      	(1.168550e-06 3.587634e-06 -7.592983e-09)	(3.884900e-06 2.501895e-07 2.013033e-10)	(-2.716350e-06 3.337445e-06 -7.794286e-09)
0.742693      	(1.316262e-06 3.408367e-06 -7.606151e-09)	(4.016399e-06 1.016749e-07 1.971055e-10)	(-2.700137e-06 3.306692e-06 -7.803257e-09)
0.745818      	(1.114649e-06 3.377537e-06 -7.615631e-09)	(3.799174e-06 1.019911e-07 1.933402e-10)	(-2.684524e-06 3.275546e-06 -7.808971e-09)
0.748943      	(8.433560e-07 3.351743e-06 -7.611741e-09)	(3.513229e-06 1.064929e-07 1.900565e-10)	(-2.669873e-06 3.245250e-06 -7.801798e-09)
0.752068      	(1.478173e-06 3.272161e-06 -7.579313e-09)	(4.131552e-06 5.787217e-08 1.861460e-10)	(-2.653379e-06 3.214289e-06 -7.765459e-09)
0.755193      	(1.173181e-06 3.506712e-06 -7.572748e-09)	(3.809782e-06 3.238730e-07 1.827036e-10)	(-2.636601e-06 3.182839e-06 -7.755451e-09)
0.758318      	(1.444369e-06 3.258380e-06 -7.596687e-09)	(4.064789e-06 1.061545e-07 1.780405e-10)	(-2.620420e-06 3.152225e-06 -7.774727e-09)
0.761443      	(1.216886e-06 3.289566e-06 -7.602665e-09)	(3.821152e-06 1.677311e-07 1.745075e-10)	(-2.604266e-06 3.121835e-06 -7.777173e-09)
0.764568      	(1.174247e-06 3.077491e-06 -7.587800e-09)	(3.760981e-06 -1.344715e-08 1.701974e-10)	(-2.586734e-06 3.090939e-06 -7.757998e-09)
0.767693      	(1.478696e-06 3.136136e-06 -7.567506e-09)	(4.046416e-06 7.629363e-08 1.677410e-10)	(-2.567721e-06 3.059842e-06 -7.735247e-09)
0.770818      	(1.704758e-06 3.103091e-06 -7.554181e-09)	(4.254243e-06 7.496055e-08 1.634187e-10)	(-2.549485e-06 3.028130e-06 -7.717600e-09)
0.773943      	(9.022210e-07 3.411711e-06 -7.531181e-09)	(3.435169e-06 4.143451e-07 1.610942e-10)	(-2.532948e-06 2.997366e-06 -7.692275e-09)
0.777068      	(1.171855e-06 3.162274e-06 -7.491835e-09)	(3.687358e-06 1.962161e-07 1.568227e-10)	(-2.515503e-06 2.966058e-06 -7.648658e-09)
0.780193      	(1.142576e-06 3.291144e-06 -7.440748e-09)	(3.638669e-06 3.577906e-07 1.539625e-10)	(-2.496092e-06 2.933354e-06 -7.594711e-09)
0.783318      	(1.084392e-06 3.029456e-06 -7.385341e-09)	(3.562814e-06 1.284740e-07 1.500134e-10)	(-2.478422e-06 2.900982e-06 -7.535354e-09)
0.786443      	(1.422253e-06 3.011869e-06 -7.332215e-09)	(3.882406e-06 1.437375e-07 1.465184e-10)	(-2.460153e-06 2.868132e-06 -7.478733e-09)
0.789568      	(1.055162e-06 3.086499e-06 -7.300730e-09)	(3.496157e-06 2.522560e-07 1.428907e-10)	(-2.440995e-06 2.834243e-06 -7.443620e-09)
0.792693      	(1.217917e-06 2.943636e-06 -7.282910e-09)	(3.639712e-06 1.441974e-07 1.401773e-10)	(-2.421795e-06 2.799439e-06 -7.423088e-09)
0.795818      	(1.336500e-06 3.011691e-06 -7.259283e-09)	(3.738070e-06 2.468181e-07 1.360646e-10)	(-2.401570e-06 2.764872e-06 -7.395347e-09)
0.798943      	(1.058174e-06 2.975296e-06 -7.266363e-09)	(3.440038e-06 2.446705e-07 1.335603e-10)	(-2.381865e-06 2.730626e-06 -7.399923e-09)
0.802068      	(1.161524e-06 3.133777e-06 -7.271838e-09)	(3.523045e-06 4.386644e-07 1.300304e-10)	(-2.361521e-06 2.695113e-06 -7.401868e-09)
0.805193      	(1.327660e-06 2.800627e-06 -7.252978e-09)	(3.668407e-06 1.407754e-07 1.275031e-10)	(-2.340747e-06 2.659852e-06 -7.380482e-09)
0.808318      	(1.054096e-06 3.134447e-06 -7.238745e-09)	(3.372893e-06 5.100833e-07 1.235053e-10)	(-2.318797e-06 2.624364e-06 -7.362250e-09)
0.811443      	(1.777722e-06 2.706580e-06 -7.229876e-09)	(4.075529e-06 1.175893e-07 1.199585e-10)	(-2.297807e-06 2.588990e-06 -7.349835e-09)
0.814568      	(1.240736e-06 2.965299e-06 -7.221326e-09)	(3.517876e-06 4.115299e-07 1.174785e-10)	(-2.277140e-06 2.553769e-06 -7.338804e-09)
0.817693      	(1.679486e-06 2.819700e-06 -7.186742e-09)	(3.934884e-06 3.020787e-07 1.136323e-10)	(-2.255398e-06 2.517621e-06 -7.300374e-09)
0.820818      	(1.017088e-06 2.863547e-06 -7.124716e-09)	(3.251794e-06 3.826391e-07 1.104145e-10)	(-2.234706e-06 2.480908e-06 -7.235130e-09)
0.823943      	(1.794655e-06 2.759067e-06 -7.088566e-09)	(4.007150e-06 3.155931e-07 1.069676e-10)	(-2.212494e-06 2.443473e-06 -7.195533e-09)
0.827068      	(1.031748e-06 2.819849e-06 -7.049418e-09)	(3.221738e-06 4.147189e-07 1.036324e-10)	(-2.189990e-06 2.405130e-06 -7.153051e-09)
0.830193      	(1.160820e-06 2.796347e-06 -7.005695e-09)	(3.328819e-06 4.298007e-07 1.001989e-10)	(-2.167998e-06 2.366546e-06 -7.105894e-09)
0.833318      	(1.127109e-06 2.794308e-06 -6.969828e-09)	(3.272665e-06 4.666213e-07 9.771425e-11)	(-2.145556e-06 2.327687e-06 -7.067542e-09)
0.836443      	(7.327098e-07 2.633427e-06 -6.914825e-09)	(2.856790e-06 3.449722e-07 9.523794e-11)	(-2.124080e-06 2.288455e-06 -7.010063e-09)
0.839568      	(9.350756e-07 2.592975e-06 -6.864644e-09)	(3.036871e-06 3.443580e-07 9.186948e-11)	(-2.101795e-06 2.248617e-06 -6.956514e-09)
0.842693      	(9.949001e-07 2.714188e-06 -6.820722e-09)	(3.073862e-06 5.054453e-07 8.958401e-11)	(-2.078962e-06 2.208743e-06 -6.910306e-09)
0.845818      	(1.030924e-06 2.814256e-06 -6.782874e-09)	(3.087346e-06 6.450270e-07 8.606115e-11)	(-2.056422e-06 2.169229e-06 -6.868935e-09)
0.848943      	(9.254647e-07 2.708653e-06 -6.751597e-09)	(2.957799e-06 5.798112e-07 8.330941e-11)	(-2.032334e-06 2.128841e-06 -6.834907e-09)
0.852068      	(1.324644e-06 2.395841e-06 -6.719715e-09)	(3.334449e-06 3.074198e-07 8.034196e-11)	(-2.009805e-06 2.088421e-06 -6.800057e-09)
0.855193      	(4.347689e-07 2.580224e-06 -6.689068e-09)	(2.420864e-06 5.296435e-07 7.597723e-11)	(-1.986095e-06 2.050580e-06 -6.765045e-09)
0.858318      	(1.516344e-06 2.443434e-06 -6.681452e-09)	(3.478654e-06 4.313173e-07 7.146879e-11)	(-1.962309e-06 2.012116e-06 -6.752921e-09)
0.861443      	(7.517434e-07 2.406174e-06 -6.618934e-09)	(2.690525e-06 4.312434e-07 6.967271e-11)	(-1.938782e-06 1.974930e-06 -6.688607e-09)
0.864568      	(1.207906e-06 2.804624e-06 -6.469088e-09)	(3.119709e-06 8.713923e-07 6.826036e-11)	(-1.911803e-06 1.933232e-06 -6.537348e-09)
0.867693      	(1.131995e-06 2.431910e-06 -6.346756e-09)	(3.024305e-06 5.445749e-07 6.578394e-11)	(-1.892310e-06 1.887335e-06 -6.412540e-09)
0.870818      	(1.271426e-06 2.405670e-06 -6.277046e-09)	(3.143778e-06 5.610833e-07 6.154083e-11)	(-1.872351e-06 1.844586e-06 -6.338587e-09)
0.873943      	(1.039268e-06 2.341891e-06 -6.231725e-09)	(2.888955e-06 5.379331e-07 5.896380e-11)	(-1.849687e-06 1.803958e-06 -6.290689e-09)
0.877068      	(9.346348e-07 2.463903e-06 -6.172959e-09)	(2.760417e-06 7.003323e-07 5.499111e-11)	(-1.825782e-06 1.763571e-06 -6.227950e-09)
0.880193      	(6.226448e-07 2.440738e-06 -6.100436e-09)	(2.421990e-06 7.168632e-07 5.202690e-11)	(-1.799345e-06 1.723875e-06 -6.152463e-09)
0.883318      	(5.139210e-07 2.363424e-06 -6.037632e-09)	(2.288290e-06 6.826688e-07 4.896941e-11)	(-1.774369e-06 1.680755e-06 -6.086601e-09)
0.886443      	(1.250394e-06 2.206413e-06 -5.980426e-09)	(2.999336e-06 5.698265e-07 4.592559e-11)	(-1.748942e-06 1.636587e-06 -6.026351e-09)
0.889568      	(9.035546e-07 2.380153e-06 -5.916793e-09)	(2.626246e-06 7.883477e-07 4.250381e-11)	(-1.722692e-06 1.591805e-06 -5.959297e-09)
0.892693      	(8.608123e-07 2.199393e-06 -5.843695e-09)	(2.557986e-06 6.508546e-07 3.832681e-11)	(-1.697174e-06 1.548538e-06 -5.882022e-09)
0.895818      	(5.857085e-07 2.435067e-06 -5.758942e-09)	(2.254368e-06 9.288634e-07 2.607256e-11)	(-1.668659e-06 1.506204e-06 -5.785015e-09)
0.898943      	(1.712302e-07 2.387671e-06 -5.683827e-09)	(1.817619e-06 9.231926e-07 3.165688e-12)	(-1.646388e-06 1.464478e-06 -5.686992e-09)
0.902068      	(1.441364e-06 1.884924e-06 -5.586540e-09)	(3.059144e-06 4.618074e-07 2.983749e-11)	(-1.617779e-06 1.423116e-06 -5.616378e-09)
0.905193      	(2.770933e-07 2.394924e-06 -5.546116e-09)	(1.873830e-06 1.011922e-06 8.605089e-11)	(-1.596737e-06 1.383002e-06 -5.632167e-09)
0.908318      	(6.116627e-07 2.050048e-06 -5.610365e-09)	(2.189731e-06 7.103632e-07 1.844704e-11)	(-1.578068e-06 1.339684e-06 -5.628812e-09)
0.911443      	(-2.371835e-07 2.024700e-06 -5.539791e-09)	(1.318546e-06 7.278538e-07 2.787835e-11)	(-1.555729e-06 1.296846e-06 -5.567669e-09)
0.914568      	(7.373972e-07 2.149387e-06 -5.370659e-09)	(2.271419e-06 8.991199e-07 3.499609e-11)	(-1.534022e-06 1.250267e-06 -5.405655e-09)
0.917693      	(7.922056e-07 2.006829e-06 -5.216570e-09)	(2.300171e-06 7.945552e-07 2.707992e-11)	(-1.507966e-06 1.212274e-06 -5.243650e-09)
0.920818      	(5.575376e-07 1.999394e-06 -5.127896e-09)	(2.039261e-06 8.251363e-07 2.154227e-11)	(-1.481724e-06 1.174258e-06 -5.149438e-09)
0.923943      	(2.009059e-07 2.102420e-06 -5.058446e-09)	(1.657426e-06 9.662518e-07 1.570834e-11)	(-1.456520e-06 1.136168e-06 -5.074155e-09)
0.927068      	(3.502552e-07 2.038829e-06 -4.991468e-09)	(1.783715e-06 9.417502e-07 9.589130e-12)	(-1.433460e-06 1.097079e-06 -5.001057e-09)
0.930193      	(3.591824e-07 1.817485e-06 -4.928943e-09)	(1.765669e-06 7.628564e-07 5.938954e-12)	(-1.406487e-06 1.054629e-06 -4.934882e-09)
0.933318      	(7.967139e-07 1.897238e-06 -4.871294e-09)	(2.177571e-06 8.840065e-07 8.724863e-13)	(-1.380857e-06 1.013231e-06 -4.872166e-09)
0.936443      	(2.380138e-07 1.845240e-06 -4.758996e-09)	(1.590544e-06 8.775522e-07 1.444561e-11)	(-1.352530e-06 9.676874e-07 -4.773441e-09)
0.939568      	(2.383042e-07 2.006152e-06 -4.668926e-09)	(1.564929e-06 1.081489e-06 1.797502e-12)	(-1.326625e-06 9.246630e-07 -4.670724e-09)
0.942693      	(-4.445400e-07 1.859808e-06 -4.607279e-09)	(8.571804e-07 9.791458e-07 -2.713008e-13)	(-1.301720e-06 8.806623e-07 -4.607008e-09)
0.945818      	(7.099546e-07 1.765265e-06 -4.521328e-09)	(1.985128e-06 9.284639e-07 -4.393449e-12)	(-1.275174e-06 8.368007e-07 -4.516935e-09)
0.948943      	(-2.603276e-07 1.896918e-06 -4.403560e-09)	(9.907398e-07 1.101485e-06 -7.237100e-12)	(-1.251067e-06 7.954334e-07 -4.396323e-09)
0.952068      	(5.874340e-07 1.848822e-06 -4.270960e-09)	(1.816834e-06 1.095027e-06 -1.686950e-11)	(-1.229400e-06 7.537953e-07 -4.254091e-09)
0.955193      	(1.789339e-07 1.707492e-06 -4.131234e-09)	(1.387829e-06 9.943375e-07 -1.326570e-11)	(-1.208895e-06 7.131548e-07 -4.117969e-09)
0.958318      	(-7.578382e-08 1.803314e-06 -4.027328e-09)	(1.111573e-06 1.130097e-06 -1.373694e-11)	(-1.187357e-06 6.732169e-07 -4.013591e-09)
0.961443      	(-7.493695e-08 1.787044e-06 -3.921233e-09)	(1.090103e-06 1.153027e-06 -1.943306e-11)	(-1.165040e-06 6.340163e-07 -3.901800e-09)
0.964568      	(-2.289226e-07 1.841214e-06 -3.848899e-09)	(9.172063e-07 1.243859e-06 -2.265868e-11)	(-1.146129e-06 5.973552e-07 -3.826240e-09)
0.967693      	(1.828365e-09 1.554344e-06 -3.793301e-09)	(1.125708e-06 9.961037e-07 -3.532769e-11)	(-1.123880e-06 5.582401e-07 -3.757974e-09)
0.970818      	(-4.918633e-07 1.945098e-06 -3.719726e-09)	(6.147901e-07 1.421915e-06 -2.621780e-11)	(-1.106653e-06 5.231832e-07 -3.693508e-09)
0.973943      	(-6.146199e-07 1.845603e-06 -3.621296e-09)	(4.790243e-07 1.354352e-06 -1.977239e-11)	(-1.093644e-06 4.912512e-07 -3.601524e-09)
0.977068      	(-7.989419e-07 1.600036e-06 -3.495047e-09)	(2.785257e-07 1.144718e-06 -1.913698e-11)	(-1.077468e-06 4.553181e-07 -3.475910e-09)
0.980193      	(-2.049742e-07 1.771411e-06 -3.375866e-09)	(8.551528e-07 1.349244e-06 -2.245997e-11)	(-1.060127e-06 4.221669e-07 -3.353406e-09)
0.983318      	(-3.845433e-07 1.408670e-06 -3.262474e-09)	(6.527102e-07 1.021621e-06 -2.603186e-11)	(-1.037253e-06 3.870494e-07 -3.236442e-09)
0.986443      	(-5.430506e-07 1.376575e-06 -3.126667e-09)	(4.681177e-07 1.026675e-06 -3.022814e-11)	(-1.011168e-06 3.499005e-07 -3.096439e-09)
0.989568      	(-9.710730e-07 1.508581e-06 -2.994755e-09)	(2.047818e-08 1.191739e-06 -3.071309e-11)	(-9.915512e-07 3.168423e-07 -2.964041e-09)
0.992693      	(-4.244266e-07 1.532672e-06 -2.870756e-09)	(5.499495e-07 1.246350e-06 -3.853404e-11)	(-9.743761e-07 2.863217e-07 -2.832222e-09)
0.995818      	(-5.334975e-07 1.499965e-06 -2.742434e-09)	(4.237991e-07 1.243173e-06 -3.733344e-11)	(-9.572965e-07 2.567915e-07 -2.705101e-09)
0.998943      	(-6.626804e-07 1.380627e-06 -2.625932e-09)	(2.772828e-07 1.154283e-06 -4.105033e-11)	(-9.399632e-07 2.263444e-07 -2.584882e-09)
1.00207       	(-8.935409e-07 1.445102e-06 -2.518103e-09)	(2.920202e-08 1.247861e-06 -4.116819e-11)	(-9.227429e-07 1.972410e-07 -2.476935e-09)
1.00519       	(-6.558669e-07 1.339479e-06 -2.398963e-09)	(2.503118e-07 1.169495e-06 -4.299095e-11)	(-9.061787e-07 1.699847e-07 -2.355972e-09)
1.00832       	(-5.789332e-07 1.340201e-06 -2.267497e-09)	(3.098417e-07 1.197977e-06 -4.345590e-11)	(-8.887749e-07 1.422237e-07 -2.224041e-09)
1.01144       	(-2.694585e-07 1.207211e-06 -2.185112e-09)	(6.019504e-07 1.092280e-06 -4.873493e-11)	(-8.714089e-07 1.149310e-07 -2.136377e-09)
1.01457       	(-1.270720e-06 1.408937e-06 -2.091506e-09)	(-4.151496e-07 1.321208e-06 -5.045499e-11)	(-8.555709e-07 8.772865e-08 -2.041051e-09)
1.01769       	(-7.865110e-07 1.186942e-06 -1.983448e-09)	(5.321968e-08 1.126401e-06 -4.894483e-11)	(-8.397307e-07 6.054071e-08 -1.934503e-09)
1.02082       	(-1.102878e-06 1.378035e-06 -1.851000e-09)	(-2.770282e-07 1.343325e-06 -5.126606e-11)	(-8.258494e-07 3.470991e-08 -1.799734e-09)
1.02394       	(-1.392172e-06 1.438275e-06 -1.719017e-09)	(-5.802808e-07 1.426637e-06 -5.439860e-11)	(-8.118909e-07 1.163889e-08 -1.664619e-09)
1.02707       	(-1.165184e-06 1.295065e-06 -1.595922e-09)	(-3.682810e-07 1.307566e-06 -5.388268e-11)	(-7.969028e-07 -1.250150e-08 -1.542040e-09)
1.03019       	(-6.142060e-07 9.543187e-07 -1.481875e-09)	(1.686088e-07 9.917201e-07 -5.700497e-11)	(-7.828148e-07 -3.740139e-08 -1.424870e-09)
1.03332       	(-1.426497e-06 1.241737e-06 -1.359689e-09)	(-6.564389e-07 1.303068e-06 -5.862096e-11)	(-7.700577e-07 -6.133104e-08 -1.301068e-09)
1.03644       	(-7.272645e-07 1.115383e-06 -1.242667e-09)	(2.813810e-08 1.199607e-06 -6.047779e-11)	(-7.554026e-07 -8.422335e-08 -1.182189e-09)
1.03957       	(-1.098461e-06 1.235026e-06 -1.123256e-09)	(-3.561794e-07 1.340317e-06 -6.051049e-11)	(-7.422813e-07 -1.052905e-07 -1.062745e-09)
1.04269       	(-1.263251e-06 1.314524e-06 -1.010333e-09)	(-5.329765e-07 1.440044e-06 -6.408452e-11)	(-7.302746e-07 -1.255200e-07 -9.462480e-10)
1.04582       	(-1.860027e-06 1.405242e-06 -9.107695e-10)	(-1.141162e-06 1.550014e-06 -6.843116e-11)	(-7.188650e-07 -1.447726e-07 -8.423384e-10)
1.04894       	(-1.659331e-06 1.490937e-06 -7.904077e-10)	(-9.526766e-07 1.654716e-06 -7.105638e-11)	(-7.066540e-07 -1.637787e-07 -7.193513e-10)
1.05207       	(-1.266918e-06 1.436311e-06 -6.574919e-10)	(-5.717036e-07 1.618697e-06 -7.520168e-11)	(-6.952142e-07 -1.823862e-07 -5.822902e-10)
1.05519       	(-4.024632e-07 6.403939e-07 -5.552456e-10)	(2.720442e-07 8.497747e-07 -1.176966e-10)	(-6.745074e-07 -2.093808e-07 -4.375490e-10)
1.05832       	(4.230954e-07 -2.507343e-07 -2.766051e-10)	(1.058991e-06 -2.378762e-09 1.873084e-11)	(-6.358958e-07 -2.483556e-07 -2.953360e-10)
1.06144       	(-2.382511e-07 4.404525e-07 -2.117541e-10)	(3.707291e-07 7.172016e-07 -5.199451e-11)	(-6.089802e-07 -2.767491e-07 -1.597596e-10)
1.06457       	(4.351372e-07 1.216760e-08 -6.979851e-11)	(1.021203e-06 3.122709e-07 -3.175730e-11)	(-5.860656e-07 -3.001033e-07 -3.804121e-11)
1.06769       	(8.383461e-08 1.604006e-08 1.724571e-10)	(6.442331e-07 3.398838e-07 6.736994e-11)	(-5.603985e-07 -3.238438e-07 1.050872e-10)
1.07082       	(-1.810469e-06 1.197019e-06 1.433850e-10)	(-1.248439e-06 1.525163e-06 -6.341799e-11)	(-5.620299e-07 -3.281439e-07 2.068030e-10)
1.07394       	(-2.377150e-06 1.340231e-06 2.254664e-10)	(-1.803206e-06 1.665351e-06 -5.573547e-11)	(-5.739440e-07 -3.251201e-07 2.812018e-10)
1.07707       	(-1.509408e-06 1.044527e-06 3.036969e-10)	(-9.336815e-07 1.372106e-06 -4.960626e-11)	(-5.757270e-07 -3.275784e-07 3.533031e-10)
1.08019       	(-1.981116e-06 1.166991e-06 3.798264e-10)	(-1.409851e-06 1.499976e-06 -5.157717e-11)	(-5.712658e-07 -3.329849e-07 4.314036e-10)
1.08332       	(-2.007723e-06 1.465524e-06 4.450937e-10)	(-1.438994e-06 1.801313e-06 -6.640859e-11)	(-5.687293e-07 -3.357886e-07 5.115023e-10)
1.08644       	(-8.397720e-07 9.853914e-08 5.708897e-10)	(-2.860044e-07 4.476297e-07 -5.816725e-11)	(-5.537676e-07 -3.490906e-07 6.290569e-10)
1.08957       	(-1.613256e-06 7.479204e-07 7.312334e-10)	(-1.080784e-06 1.112961e-06 -4.359657e-11)	(-5.324729e-07 -3.650406e-07 7.748299e-10)
1.09269       	(-1.004284e-06 6.489738e-07 8.531716e-10)	(-4.891101e-07 1.026510e-06 -4.875677e-11)	(-5.151740e-07 -3.775364e-07 9.019284e-10)
1.09582       	(-1.719673e-06 8.124219e-07 9.607436e-10)	(-1.218672e-06 1.201072e-06 -5.101103e-11)	(-5.010019e-07 -3.886505e-07 1.011755e-09)
1.09894       	(-1.558955e-06 6.283237e-07 1.055519e-09)	(-1.071399e-06 1.027003e-06 -5.162331e-11)	(-4.875559e-07 -3.986794e-07 1.107142e-09)
1.10207       	(-1.433386e-06 7.744749e-07 1.152929e-09)	(-9.552313e-07 1.182192e-06 -4.939351e-11)	(-4.781543e-07 -4.077172e-07 1.202322e-09)
1.10519       	(-1.153627e-06 6.893467e-07 1.253757e-09)	(-6.813853e-07 1.106086e-06 -4.927644e-11)	(-4.722417e-07 -4.167396e-07 1.303033e-09)
1.10832       	(-9.262093e-07 3.712927e-07 1.357863e-09)	(-4.636109e-07 7.988187e-07 -4.557841e-11)	(-4.625984e-07 -4.275260e-07 1.403442e-09)
1.11144       	(-1.676084e-06 5.779415e-07 1.463687e-09)	(-1.222163e-06 1.015081e-06 -4.545423e-11)	(-4.539212e-07 -4.371400e-07 1.509141e-09)
1.11457       	(-1.067606e-06 4.609953e-07 1.566470e-09)	(-6.231028e-07 9.066724e-07 -3.979290e-11)	(-4.445036e-07 -4.456771e-07 1.606263e-09)
1.11769       	(-1.329939e-06 4.630672e-07 1.640041e-09)	(-8.976150e-07 9.148627e-07 -3.796353e-11)	(-4.323238e-07 -4.517955e-07 1.678004e-09)
1.12082       	(-1.522313e-06 9.232897e-08 1.613924e-09)	(-1.105336e-06 5.458514e-07 -3.094419e-11)	(-4.169768e-07 -4.535225e-07 1.644868e-09)
1.12394       	(-1.495195e-06 5.565513e-07 1.820283e-09)	(-1.090123e-06 1.020755e-06 -3.744947e-11)	(-4.050713e-07 -4.642035e-07 1.857732e-09)
1.12707       	(-1.124907e-06 4.442691e-07 2.103267e-09)	(-7.230732e-07 9.341221e-07 -3.081690e-11)	(-4.018334e-07 -4.898530e-07 2.134084e-09)
1.13019       	(-1.246370e-06 2.482217e-07 2.175519e-09)	(-8.487969e-07 7.548620e-07 -2.834890e-11)	(-3.975729e-07 -5.066403e-07 2.203868e-09)
1.13332       	(-1.643116e-06 3.382081e-07 2.212570e-09)	(-1.249912e-06 8.525161e-07 -2.707798e-11)	(-3.932033e-07 -5.143080e-07 2.239648e-09)
1.13644       	(-1.687977e-06 1.814239e-07 2.155007e-09)	(-1.299495e-06 6.975592e-07 -2.229913e-11)	(-3.884818e-07 -5.161352e-07 2.177306e-09)
1.13957       	(-1.472591e-06 2.835583e-07 2.328055e-09)	(-1.091297e-06 8.043132e-07 -1.165113e-11)	(-3.812931e-07 -5.207549e-07 2.339706e-09)
1.14269       	(-1.767036e-06 -1.055054e-07 2.430916e-09)	(-1.393471e-06 4.313739e-07 -8.396373e-12)	(-3.735645e-07 -5.368793e-07 2.439312e-09)
1.14582       	(-1.442151e-06 3.963118e-08 2.433734e-09)	(-1.074523e-06 5.892921e-07 -1.626838e-11)	(-3.676284e-07 -5.496609e-07 2.450003e-09)
1.14894       	(-1.285770e-06 -1.625306e-07 2.469183e-09)	(-9.255030e-07 3.971498e-07 -1.164126e-11)	(-3.602668e-07 -5.596804e-07 2.480824e-09)
1.15207       	(-1.612024e-06 1.628310e-07 2.552255e-09)	(-1.259376e-06 7.293620e-07 -3.937137e-12)	(-3.526480e-07 -5.665310e-07 2.556192e-09)
1.15519       	(-1.369300e-06 -6.086737e-08 2.659628e-09)	(-1.022278e-06 5.124602e-07 7.516509e-13)	(-3.470218e-07 -5.733276e-07 2.658876e-09)
1.15832       	(-2.090718e-06 7.914054e-09 2.733972e-09)	(-1.749925e-06 5.896291e-07 4.519909e-12)	(-3.407921e-07 -5.817151e-07 2.729452e-09)
1.16144       	(-1.935320e-06 -1.037492e-07 2.753550e-09)	(-1.599424e-06 4.864125e-07 5.447580e-12)	(-3.358957e-07 -5.901617e-07 2.748102e-09)
1.16457       	(-1.719979e-06 -5.996714e-08 2.824114e-09)	(-1.388064e-06 5.383249e-07 1.492465e-11)	(-3.319151e-07 -5.982921e-07 2.809190e-09)
1.16769       	(-1.571907e-06 -1.334530e-07 2.935280e-09)	(-1.244669e-06 4.730489e-07 1.731724e-11)	(-3.272377e-07 -6.065018e-07 2.917963e-09)
1.170818      	(-2.066980e-06 -3.268771e-07 3.046725e-09)	(-1.746776e-06 2.897530e-07 1.942232e-11)	(-3.202035e-07 -6.166300e-07 3.027302e-09)
1.173943      	(-2.293316e-06 -1.947197e-07 3.131754e-09)	(-1.977149e-06 4.324975e-07 2.537968e-11)	(-3.161662e-07 -6.272172e-07 3.106375e-09)
1.177068      	(-2.156620e-06 -2.050058e-07 3.212870e-09)	(-1.844201e-06 4.316012e-07 2.455068e-11)	(-3.124186e-07 -6.366070e-07 3.188319e-09)
1.180193      	(-2.222886e-06 -3.165649e-07 3.315878e-09)	(-1.912715e-06 3.296492e-07 3.371902e-11)	(-3.101717e-07 -6.462141e-07 3.282159e-09)
1.183318      	(-2.653988e-06 -2.857915e-07 3.373341e-09)	(-2.345808e-06 3.724257e-07 3.748842e-11)	(-3.081799e-07 -6.582172e-07 3.335853e-09)
1.186443      	(-2.562909e-06 -3.616871e-07 3.419891e-09)	(-2.257555e-06 3.085109e-07 3.976268e-11)	(-3.053543e-07 -6.701979e-07 3.380129e-09)
1.189568      	(-2.297199e-06 -5.040557e-07 3.496279e-09)	(-1.996473e-06 1.787888e-07 4.640282e-11)	(-3.007267e-07 -6.828445e-07 3.449877e-09)
1.192693      	(-2.873763e-06 -5.379530e-07 3.543499e-09)	(-2.573996e-06 1.570681e-07 4.926376e-11)	(-2.997671e-07 -6.950210e-07 3.494235e-09)
1.195818      	(-2.905858e-06 -6.427592e-07 3.591384e-09)	(-2.607848e-06 6.572875e-08 5.426181e-11)	(-2.980107e-07 -7.084880e-07 3.537123e-09)
1.198943      	(-3.383227e-06 -5.920115e-07 3.637214e-09)	(-3.089300e-06 1.306690e-07 5.782478e-11)	(-2.939265e-07 -7.226805e-07 3.579389e-09)
1.202068      	(-2.631306e-06 -6.025476e-07 3.662028e-09)	(-2.341381e-06 1.331707e-07 6.290458e-11)	(-2.899258e-07 -7.357183e-07 3.599124e-09)
1.205193      	(-3.279334e-06 -6.697999e-07 3.700152e-09)	(-2.992612e-06 7.918842e-08 6.887544e-11)	(-2.867220e-07 -7.489883e-07 3.631277e-09)
1.208318      	(-3.216483e-06 -4.847724e-07 3.816014e-09)	(-2.932207e-06 2.772505e-07 7.273815e-11)	(-2.842762e-07 -7.620229e-07 3.743276e-09)
1.211443      	(-3.501255e-06 -6.501141e-07 3.916202e-09)	(-3.219683e-06 1.258003e-07 7.625644e-11)	(-2.815725e-07 -7.759144e-07 3.839945e-09)
1.214568      	(-3.534634e-06 -5.519747e-07 4.009502e-09)	(-3.255689e-06 2.385559e-07 8.050891e-11)	(-2.789447e-07 -7.905306e-07 3.928994e-09)
1.217693      	(-3.633226e-06 -6.954821e-07 4.135046e-09)	(-3.356769e-06 1.107375e-07 8.483283e-11)	(-2.764572e-07 -8.062196e-07 4.050213e-09)
1.220818      	(-3.861831e-06 -8.008075e-07 4.258512e-09)	(-3.587784e-06 2.224510e-08 8.789327e-11)	(-2.740467e-07 -8.230526e-07 4.170618e-09)
1.223943      	(-3.865672e-06 -9.419749e-07 4.391217e-09)	(-3.594920e-06 -1.009519e-07 9.086276e-11)	(-2.707519e-07 -8.410230e-07 4.300354e-09)
1.227068      	(-4.432921e-06 -1.050109e-06 4.530340e-09)	(-4.164296e-06 -1.899375e-07 9.579652e-11)	(-2.686245e-07 -8.601711e-07 4.434544e-09)
1.230193      	(-4.154113e-06 -1.010507e-06 4.674019e-09)	(-3.886393e-06 -1.299897e-07 9.975621e-11)	(-2.677193e-07 -8.805175e-07 4.574262e-09)
1.233318      	(-4.683728e-06 -1.167479e-06 4.833981e-09)	(-4.417214e-06 -2.654544e-07 1.029518e-10)	(-2.665140e-07 -9.020241e-07 4.731030e-09)
1.236443      	(-4.746667e-06 -1.187409e-06 4.970970e-09)	(-4.481788e-06 -2.622379e-07 1.075738e-10)	(-2.648792e-07 -9.251707e-07 4.863396e-09)
1.239568      	(-5.072126e-06 -1.208830e-06 5.102302e-09)	(-4.808399e-06 -2.597328e-07 1.110841e-10)	(-2.637266e-07 -9.490969e-07 4.991218e-09)
1.242693      	(-4.997859e-06 -1.237386e-06 5.237465e-09)	(-4.733131e-06 -2.633605e-07 1.141834e-10)	(-2.647287e-07 -9.740256e-07 5.123282e-09)
1.245818      	(-5.598738e-06 -1.352651e-06 5.374860e-09)	(-5.333507e-06 -3.520827e-07 1.182550e-10)	(-2.652313e-07 -1.000569e-06 5.256605e-09)
1.248943      	(-5.743566e-06 -1.387215e-06 5.505547e-09)	(-5.478008e-06 -3.587189e-07 1.212952e-10)	(-2.655577e-07 -1.028496e-06 5.384251e-09)
1.252068      	(-5.967242e-06 -1.404936e-06 5.641159e-09)	(-5.700586e-06 -3.469922e-07 1.239435e-10)	(-2.666569e-07 -1.057944e-06 5.517216e-09)
1.255193      	(-6.065665e-06 -1.500387e-06 5.781904e-09)	(-5.797768e-06 -4.115006e-07 1.275566e-10)	(-2.678962e-07 -1.088887e-06 5.654348e-09)
1.258318      	(-6.362247e-06 -1.536496e-06 5.904572e-09)	(-6.093411e-06 -4.149109e-07 1.281429e-10)	(-2.688359e-07 -1.121585e-06 5.776429e-09)
1.261443      	(-6.668891e-06 -1.591851e-06 6.035721e-09)	(-6.398048e-06 -4.359027e-07 1.335718e-10)	(-2.708435e-07 -1.155948e-06 5.902149e-09)
1.264568      	(-7.040450e-06 -1.652545e-06 6.172541e-09)	(-6.767334e-06 -4.608120e-07 1.351799e-10)	(-2.731157e-07 -1.191733e-06 6.037361e-09)
1.267693      	(-7.385328e-06 -1.738448e-06 6.310651e-09)	(-7.108761e-06 -5.085915e-07 1.384805e-10)	(-2.765666e-07 -1.229857e-06 6.172171e-09)
1.270818      	(-7.607200e-06 -1.773930e-06 6.434579e-09)	(-7.325903e-06 -5.047901e-07 1.407116e-10)	(-2.812972e-07 -1.269140e-06 6.293867e-09)
1.273943      	(-7.970368e-06 -1.758510e-06 6.577499e-09)	(-7.684332e-06 -4.484784e-07 1.409892e-10)	(-2.860360e-07 -1.310032e-06 6.436510e-09)
1.277068      	(-8.294346e-06 -2.025429e-06 6.744248e-09)	(-8.003517e-06 -6.696647e-07 1.483757e-10)	(-2.908292e-07 -1.355765e-06 6.595872e-09)
1.280193      	(-8.985266e-06 -1.737495e-06 6.928877e-09)	(-8.688475e-06 -3.359575e-07 1.651326e-10)	(-2.967912e-07 -1.401538e-06 6.763744e-09)
1.283318      	(-8.642509e-06 -2.423742e-06 7.135485e-09)	(-8.344597e-06 -9.671665e-07 1.752908e-10)	(-2.979129e-07 -1.456576e-06 6.960194e-09)
1.286443      	(-9.079489e-06 -2.460875e-06 7.312760e-09)	(-8.782483e-06 -9.445280e-07 1.562902e-10)	(-2.970051e-07 -1.516347e-06 7.156469e-09)
1.289568      	(-1.005285e-05 -2.111226e-06 7.512879e-09)	(-9.750829e-06 -5.384543e-07 1.591104e-10)	(-3.020214e-07 -1.572771e-06 7.353768e-09)
1.292693      	(-1.007803e-05 -2.404921e-06 7.725981e-09)	(-9.769914e-06 -7.734229e-07 1.615562e-10)	(-3.081153e-07 -1.631499e-06 7.564424e-09)
1.295818      	(-1.082939e-05 -2.263626e-06 7.942893e-09)	(-1.051280e-05 -5.714989e-07 1.593480e-10)	(-3.165882e-07 -1.692127e-06 7.783545e-09)
1.298943      	(-1.081846e-05 -2.733439e-06 8.205529e-09)	(-1.049865e-05 -9.723174e-07 1.700690e-10)	(-3.198043e-07 -1.761121e-06 8.035460e-09)
1.302068      	(-1.186159e-05 -2.251248e-06 8.525681e-09)	(-1.153101e-05 -4.224361e-07 2.093175e-10)	(-3.305819e-07 -1.828812e-06 8.316363e-09)
1.305193      	(-1.069217e-05 -3.276097e-06 8.832455e-09)	(-1.036952e-05 -1.363975e-06 2.238808e-10)	(-3.226581e-07 -1.912122e-06 8.608574e-09)
1.308318      	(-1.199925e-05 -3.146996e-06 9.171839e-09)	(-1.167687e-05 -1.146450e-06 2.368378e-10)	(-3.223746e-07 -2.000546e-06 8.935001e-09)
1.311443      	(-1.286833e-05 -2.569133e-06 9.547999e-09)	(-1.252809e-05 -4.904130e-07 2.671614e-10)	(-3.402429e-07 -2.078720e-06 9.280838e-09)
1.314568      	(-1.205413e-05 -4.331737e-06 9.908640e-09)	(-1.171143e-05 -2.150422e-06 2.720559e-10)	(-3.427004e-07 -2.181315e-06 9.636584e-09)
1.317693      	(-1.381733e-05 -2.478225e-06 1.027909e-08)	(-1.345599e-05 -2.113058e-07 2.760613e-10)	(-3.613402e-07 -2.266919e-06 1.000303e-08)
1.320818      	(-1.417507e-05 -2.862047e-06 1.068136e-08)	(-1.379067e-05 -5.129808e-07 2.945035e-10)	(-3.844011e-07 -2.349066e-06 1.038686e-08)
1.323943      	(-1.404281e-05 -3.293920e-06 1.110224e-08)	(-1.364325e-05 -8.471913e-07 3.136005e-10)	(-3.995651e-07 -2.446729e-06 1.078864e-08)
1.327068      	(-1.510052e-05 -3.128478e-06 1.154320e-08)	(-1.468331e-05 -5.813128e-07 3.309641e-10)	(-4.172142e-07 -2.547165e-06 1.121224e-08)
1.330193      	(-1.508260e-05 -3.236712e-06 1.200969e-08)	(-1.464672e-05 -5.848192e-07 3.496838e-10)	(-4.358807e-07 -2.651893e-06 1.166001e-08)
1.333318      	(-1.574572e-05 -3.350141e-06 1.249590e-08)	(-1.528979e-05 -5.870174e-07 3.712656e-10)	(-4.559355e-07 -2.763124e-06 1.212463e-08)
1.336443      	(-1.601317e-05 -3.310081e-06 1.301232e-08)	(-1.553614e-05 -4.289798e-07 3.915434e-10)	(-4.770311e-07 -2.881101e-06 1.262078e-08)
1.339568      	(-1.671957e-05 -3.470051e-06 1.356569e-08)	(-1.622387e-05 -4.658904e-07 4.199683e-10)	(-4.957010e-07 -3.004160e-06 1.314572e-08)
1.342693      	(-1.713369e-05 -3.564308e-06 1.414901e-08)	(-1.661874e-05 -4.311538e-07 4.431031e-10)	(-5.149590e-07 -3.133154e-06 1.370591e-08)
1.345818      	(-1.725973e-05 -3.667477e-06 1.475983e-08)	(-1.672915e-05 -3.983594e-07 4.666922e-10)	(-5.305783e-07 -3.269118e-06 1.429314e-08)
1.348943      	(-1.779260e-05 -3.695623e-06 1.537294e-08)	(-1.724809e-05 -2.846453e-07 4.947842e-10)	(-5.445135e-07 -3.410978e-06 1.487815e-08)
1.352068      	(-1.829651e-05 -3.788812e-06 1.600532e-08)	(-1.773833e-05 -2.296633e-07 5.218769e-10)	(-5.581849e-07 -3.559149e-06 1.548344e-08)
1.355193      	(-1.821655e-05 -3.914066e-06 1.663101e-08)	(-1.764758e-05 -2.011837e-07 5.517702e-10)	(-5.689742e-07 -3.712882e-06 1.607924e-08)
1.358318      	(-1.907003e-05 -3.974648e-06 1.726176e-08)	(-1.849157e-05 -1.016441e-07 5.850278e-10)	(-5.784584e-07 -3.873004e-06 1.667674e-08)
1.361443      	(-1.920721e-05 -4.039837e-06 1.790564e-08)	(-1.862053e-05 -1.201971e-09 6.091987e-10)	(-5.866893e-07 -4.038635e-06 1.729645e-08)
1.364568      	(-1.961592e-05 -4.151326e-06 1.850357e-08)	(-1.902339e-05 5.878289e-08 6.335327e-10)	(-5.925329e-07 -4.210109e-06 1.787003e-08)
1.367693      	(-1.972411e-05 -4.225754e-06 1.909765e-08)	(-1.913400e-05 1.634989e-07 6.635299e-10)	(-5.901099e-07 -4.389253e-06 1.843412e-08)
1.370818      	(-1.991833e-05 -4.436213e-06 1.967133e-08)	(-1.933513e-05 1.393031e-07 6.943093e-10)	(-5.831943e-07 -4.575516e-06 1.897702e-08)
1.373943      	(-2.027705e-05 -4.508545e-06 2.021991e-08)	(-1.971264e-05 2.627366e-07 7.136099e-10)	(-5.644151e-07 -4.771282e-06 1.950630e-08)
1.377068      	(-1.973698e-05 -4.943747e-06 2.077074e-08)	(-1.921078e-05 3.779752e-08 7.504593e-10)	(-5.262066e-07 -4.981544e-06 2.002028e-08)
1.380193      	(-2.029030e-05 -5.014930e-06 2.128671e-08)	(-1.980893e-05 1.866335e-07 7.871752e-10)	(-4.813730e-07 -5.201563e-06 2.049954e-08)
1.383318      	(-2.026865e-05 -5.163030e-06 2.180433e-08)	(-1.983207e-05 2.626120e-07 8.116216e-10)	(-4.365745e-07 -5.425642e-06 2.099271e-08)
1.386443      	(-1.993487e-05 -5.444250e-06 2.232790e-08)	(-1.954576e-05 2.094737e-07 8.309574e-10)	(-3.891127e-07 -5.653723e-06 2.149694e-08)
1.389568      	(-2.063886e-05 -5.299134e-06 2.282929e-08)	(-2.030105e-05 5.864206e-07 8.481076e-10)	(-3.378150e-07 -5.885554e-06 2.198118e-08)
1.392693      	(-2.041957e-05 -5.627114e-06 2.323673e-08)	(-2.013848e-05 4.946484e-07 8.691446e-10)	(-2.810839e-07 -6.121762e-06 2.236759e-08)
1.395818      	(-2.020025e-05 -5.941898e-06 2.355643e-08)	(-1.998129e-05 4.209019e-07 8.871948e-10)	(-2.189567e-07 -6.362800e-06 2.266924e-08)
1.398943      	(-2.021017e-05 -5.971805e-06 2.381314e-08)	(-2.005708e-05 6.344793e-07 9.010780e-10)	(-1.530946e-07 -6.606285e-06 2.291206e-08)
1.402068      	(-2.026045e-05 -6.152314e-06 2.402831e-08)	(-2.017935e-05 7.015778e-07 9.154119e-10)	(-8.109703e-08 -6.853892e-06 2.311289e-08)
1.405193      	(-1.996099e-05 -6.478668e-06 2.420676e-08)	(-1.995908e-05 6.267387e-07 9.294522e-10)	(-1.912322e-09 -7.105407e-06 2.327731e-08)
1.408318      	(-2.013139e-05 -6.355929e-06 2.437731e-08)	(-2.021427e-05 1.003859e-06 9.265355e-10)	(8.287891e-08 -7.359788e-06 2.345077e-08)
1.411443      	(-2.013413e-05 -6.320059e-06 2.455236e-08)	(-2.031097e-05 1.297973e-06 9.377479e-10)	(1.768472e-07 -7.618032e-06 2.361461e-08)
1.414568      	(-2.002719e-05 -6.516087e-06 2.465194e-08)	(-2.030983e-05 1.368066e-06 9.392979e-10)	(2.826406e-07 -7.884154e-06 2.371264e-08)
1.417693      	(-1.985013e-05 -6.811727e-06 2.468095e-08)	(-2.024977e-05 1.347945e-06 9.420680e-10)	(3.996372e-07 -8.159672e-06 2.373888e-08)
1.420818      	(-1.935854e-05 -7.032398e-06 2.462567e-08)	(-1.988440e-05 1.405930e-06 9.471936e-10)	(5.258670e-07 -8.438329e-06 2.367848e-08)
1.423943      	(-1.936928e-05 -7.248647e-06 2.456001e-08)	(-2.002799e-05 1.468241e-06 9.507468e-10)	(6.587139e-07 -8.716888e-06 2.360926e-08)
1.427068      	(-1.912129e-05 -7.652619e-06 2.445196e-08)	(-1.991713e-05 1.341283e-06 9.437687e-10)	(7.958459e-07 -8.993902e-06 2.350819e-08)
1.430193      	(-1.831870e-05 -7.946661e-06 2.433291e-08)	(-1.925759e-05 1.321257e-06 9.418777e-10)	(9.388853e-07 -9.267918e-06 2.339103e-08)
1.433318      	(-1.765850e-05 -8.410341e-06 2.420979e-08)	(-1.874776e-05 1.128411e-06 9.437170e-10)	(1.089266e-06 -9.538751e-06 2.326607e-08)
1.436443      	(-1.754637e-05 -8.705184e-06 2.406893e-08)	(-1.878901e-05 1.100056e-06 9.438758e-10)	(1.242637e-06 -9.805241e-06 2.312506e-08)
1.439568      	(-1.677639e-05 -9.324923e-06 2.395009e-08)	(-1.817301e-05 7.415966e-07 9.434618e-10)	(1.396620e-06 -1.006652e-05 2.300663e-08)
1.442693      	(-1.545864e-05 -9.880711e-06 2.348915e-08)	(-1.697871e-05 4.302579e-07 9.411733e-10)	(1.520069e-06 -1.031097e-05 2.254798e-08)
1.445818      	(-1.574468e-05 -1.001814e-05 2.265652e-08)	(-1.738026e-05 5.248701e-07 9.382805e-10)	(1.635579e-06 -1.054301e-05 2.171824e-08)
1.448943      	(-1.512554e-05 -1.067721e-05 1.884908e-08)	(-1.689398e-05 9.482963e-08 9.238137e-10)	(1.768442e-06 -1.077204e-05 1.792527e-08)
1.452068      	(-1.119701e-05 -1.213764e-05 1.519265e-08)	(-1.302609e-05 -1.165051e-06 9.033415e-10)	(1.829076e-06 -1.097259e-05 1.428931e-08)
1.455193      	(-1.408952e-05 -1.198790e-05 1.542189e-08)	(-1.597698e-05 -8.276197e-07 9.093767e-10)	(1.887459e-06 -1.116028e-05 1.451251e-08)
1.458318      	(-1.227965e-05 -1.261442e-05 1.747363e-08)	(-1.430891e-05 -1.253645e-06 9.498146e-10)	(2.029261e-06 -1.136078e-05 1.652382e-08)
1.461443      	(-1.155177e-05 -1.255783e-05 1.892826e-08)	(-1.374534e-05 -1.003529e-06 9.488664e-10)	(2.193565e-06 -1.155430e-05 1.797940e-08)
1.464568      	(-1.123741e-05 -1.328946e-05 1.969432e-08)	(-1.358050e-05 -1.549828e-06 9.412363e-10)	(2.343087e-06 -1.173963e-05 1.875308e-08)
1.467693      	(-1.033644e-05 -1.365670e-05 2.020769e-08)	(-1.282688e-05 -1.736782e-06 9.628422e-10)	(2.490441e-06 -1.191992e-05 1.924485e-08)
1.470818      	(-9.911800e-06 -1.358282e-05 2.053050e-08)	(-1.254377e-05 -1.495229e-06 9.705064e-10)	(2.631968e-06 -1.208759e-05 1.956000e-08)
1.473943      	(-8.900518e-06 -1.466902e-05 2.075754e-08)	(-1.166479e-05 -2.425660e-06 9.608016e-10)	(2.764271e-06 -1.224336e-05 1.979674e-08)
1.477068      	(-8.949080e-06 -1.405525e-05 2.093408e-08)	(-1.184815e-05 -1.657711e-06 9.445010e-10)	(2.899074e-06 -1.239754e-05 1.998958e-08)
1.480193      	(-8.833461e-06 -1.440623e-05 2.107827e-08)	(-1.186529e-05 -1.854789e-06 9.422677e-10)	(3.031826e-06 -1.255145e-05 2.013600e-08)
1.483318      	(-7.694006e-06 -1.547362e-05 2.126261e-08)	(-1.086298e-05 -2.767622e-06 9.359110e-10)	(3.168970e-06 -1.270600e-05 2.032670e-08)
1.486443      	(-7.557608e-06 -1.501296e-05 2.149193e-08)	(-1.086562e-05 -2.160506e-06 9.411462e-10)	(3.308007e-06 -1.285245e-05 2.055078e-08)
1.489568      	(-6.923747e-06 -1.552313e-05 2.170525e-08)	(-1.037280e-05 -2.524885e-06 9.487366e-10)	(3.449055e-06 -1.299825e-05 2.075652e-08)
1.492693      	(-5.900174e-06 -1.665694e-05 2.186208e-08)	(-9.483016e-06 -3.520682e-06 9.592549e-10)	(3.582842e-06 -1.313626e-05 2.090282e-08)
1.495818      	(-5.680095e-06 -1.701909e-05 2.194977e-08)	(-9.394455e-06 -3.747202e-06 9.614326e-10)	(3.714360e-06 -1.327188e-05 2.098834e-08)
1.498943      	(-6.177319e-06 -1.638319e-05 2.198532e-08)	(-1.002759e-05 -2.973898e-06 9.620995e-10)	(3.850272e-06 -1.340929e-05 2.102322e-08)
1.502068      	(-5.845455e-06 -1.645484e-05 2.205994e-08)	(-9.828826e-06 -2.914100e-06 9.668005e-10)	(3.983371e-06 -1.354074e-05 2.109314e-08)
1.505193      	(-4.982168e-06 -1.723483e-05 2.215130e-08)	(-9.093019e-06 -3.571153e-06 9.669739e-10)	(4.110851e-06 -1.366368e-05 2.118432e-08)
1.508318      	(-5.360122e-06 -1.713660e-05 2.224390e-08)	(-9.599103e-06 -3.353640e-06 9.787519e-10)	(4.238981e-06 -1.378296e-05 2.126515e-08)
1.511443      	(-5.046363e-06 -1.762015e-05 2.233847e-08)	(-9.413162e-06 -3.718133e-06 9.873829e-10)	(4.366799e-06 -1.390202e-05 2.135109e-08)
1.514568      	(-4.854811e-06 -1.753456e-05 2.240600e-08)	(-9.347814e-06 -3.516657e-06 9.821828e-10)	(4.493003e-06 -1.401790e-05 2.142381e-08)
1.517693      	(-4.779251e-06 -1.786644e-05 2.245246e-08)	(-9.394955e-06 -3.737348e-06 9.824077e-10)	(4.615704e-06 -1.412909e-05 2.147005e-08)
1.520818      	(-5.220789e-06 -1.737028e-05 2.250384e-08)	(-9.957338e-06 -3.130832e-06 9.857435e-10)	(4.736548e-06 -1.423945e-05 2.151810e-08)
1.523943      	(-4.754384e-06 -1.780449e-05 2.257793e-08)	(-9.609603e-06 -3.458149e-06 9.862715e-10)	(4.855218e-06 -1.434634e-05 2.159166e-08)
1.527068      	(-5.201701e-06 -1.768195e-05 2.272008e-08)	(-1.017347e-05 -3.231449e-06 9.859161e-10)	(4.971771e-06 -1.445050e-05 2.173416e-08)
1.530193      	(-6.008722e-06 -1.738165e-05 2.289100e-08)	(-1.109658e-05 -2.827305e-06 9.853878e-10)	(5.087858e-06 -1.455435e-05 2.190561e-08)
1.533318      	(-5.431421e-06 -1.782902e-05 2.308773e-08)	(-1.063674e-05 -3.170571e-06 9.849810e-10)	(5.205321e-06 -1.465845e-05 2.210275e-08)
1.536443      	(-5.147555e-06 -1.798162e-05 2.330794e-08)	(-1.047202e-05 -3.216988e-06 9.849371e-10)	(5.324467e-06 -1.476464e-05 2.232300e-08)
1.539568      	(-5.503866e-06 -1.786059e-05 2.352238e-08)	(-1.094840e-05 -2.985969e-06 9.641614e-10)	(5.444533e-06 -1.487462e-05 2.255822e-08)
1.542693      	(-5.172005e-06 -1.839993e-05 2.374331e-08)	(-1.073737e-05 -3.414092e-06 9.663531e-10)	(5.565369e-06 -1.498583e-05 2.277695e-08)
1.545818      	(-5.982605e-06 -1.791551e-05 2.393822e-08)	(-1.166600e-05 -2.817797e-06 9.807006e-10)	(5.683391e-06 -1.509771e-05 2.295752e-08)
1.548943      	(-6.118303e-06 -1.791437e-05 2.409537e-08)	(-1.191997e-05 -2.700898e-06 9.745029e-10)	(5.801664e-06 -1.521347e-05 2.312087e-08)
1.552068      	(-5.713408e-06 -1.835784e-05 2.429822e-08)	(-1.163225e-05 -3.025474e-06 9.741429e-10)	(5.918842e-06 -1.533237e-05 2.332408e-08)
1.555193      	(-6.094125e-06 -1.811560e-05 2.447504e-08)	(-1.213031e-05 -2.660656e-06 9.761510e-10)	(6.036188e-06 -1.545494e-05 2.349889e-08)
1.558318      	(-7.102514e-06 -1.818780e-05 2.467047e-08)	(-1.325173e-05 -2.608472e-06 9.734274e-10)	(6.149220e-06 -1.557933e-05 2.369705e-08)
1.561443      	(-6.374735e-06 -1.916317e-05 2.496962e-08)	(-1.263366e-05 -3.455793e-06 9.746284e-10)	(6.258929e-06 -1.570737e-05 2.399499e-08)
