# Force       
# CofR        : 0.000000e+00 0.000000e+00 0.000000e+00
#
# Time        	total_x total_y total_z	pressure_x pressure_y pressure_z	viscous_x viscous_y viscous_z
0.00625       	-1.791601e-05 -1.854570e-04 6.184110e+01	-2.638132e-05 -2.065220e-04 6.142896e+01	8.465310e-06 2.106501e-05 4.121369e-01
0.0125        	5.978251e-06 -4.363081e-05 -6.360420e+00	-1.253816e-05 -7.595266e-05 -6.536730e+00	1.851641e-05 3.232185e-05 1.763102e-01
0.01875       	-1.963801e-05 -1.997071e-05 -6.190310e+00	-4.826434e-05 -5.614423e-05 -6.303369e+00	2.862633e-05 3.617352e-05 1.130597e-01
0.025         	2.404879e-05 6.773426e-06 -1.752925e-01	-6.356918e-06 -2.908661e-05 -2.405848e-01	3.040571e-05 3.586004e-05 6.529227e-02
0.03125       	-1.217136e-05 -1.803391e-05 6.767835e-01	-4.092035e-05 -5.301351e-05 6.301997e-01	2.874899e-05 3.497960e-05 4.658381e-02
0.0375        	-8.720479e-07 -4.915716e-06 1.134604e-01	-2.756197e-05 -3.868953e-05 7.642481e-02	2.668992e-05 3.377381e-05 3.703555e-02
0.04375       	3.002982e-06 -2.771557e-06 1.322326e-01	-2.031729e-05 -3.394262e-05 1.032516e-01	2.332027e-05 3.117107e-05 2.898104e-02
0.05          	2.738919e-06 -1.147075e-06 1.505600e-01	-1.730285e-05 -2.962959e-05 1.283198e-01	2.004176e-05 2.848251e-05 2.224020e-02
0.05625       	-1.421472e-06 -5.326941e-06 1.436933e-01	-1.948034e-05 -3.200867e-05 1.269252e-01	1.805887e-05 2.668172e-05 1.676809e-02
0.0625        	-1.185022e-07 -5.333145e-06 1.253169e-01	-1.630834e-05 -3.012610e-05 1.130968e-01	1.618984e-05 2.479295e-05 1.222009e-02
0.06875       	2.078224e-06 -3.894291e-06 1.087184e-01	-1.295569e-05 -2.738427e-05 1.003580e-01	1.503392e-05 2.348998e-05 8.360461e-03
0.075         	-8.208106e-07 -6.540729e-06 8.944597e-02	-1.513171e-05 -2.905864e-05 8.435274e-02	1.431090e-05 2.251791e-05 5.093221e-03
0.08125       	-1.366084e-07 -8.765265e-06 7.330980e-02	-1.397273e-05 -3.056991e-05 7.097303e-02	1.383613e-05 2.180465e-05 2.336772e-03
0.0875        	1.012581e-07 -7.296567e-06 5.995717e-02	-1.348684e-05 -2.859735e-05 5.995270e-02	1.358810e-05 2.130078e-05 4.474870e-06
0.09375       	-1.034066e-06 -9.634361e-06 4.667068e-02	-1.444948e-05 -3.035356e-05 4.864016e-02	1.341541e-05 2.071919e-05 -1.969476e-03
0.1           	5.013705e-07 -8.634298e-06 3.511488e-02	-1.276005e-05 -2.870641e-05 3.875589e-02	1.326143e-05 2.007211e-05 -3.641009e-03
0.10625       	-3.522238e-06 -1.302469e-05 2.446318e-02	-1.666063e-05 -3.243461e-05 2.951882e-02	1.313839e-05 1.940992e-05 -5.055645e-03
0.1125        	-9.531837e-07 -1.149317e-05 1.816766e-02	-1.399800e-05 -3.026965e-05 2.442486e-02	1.304482e-05 1.877648e-05 -6.257196e-03
0.11875       	-3.063887e-06 -1.432623e-05 1.078614e-02	-1.603153e-05 -3.248217e-05 1.806385e-02	1.296764e-05 1.815594e-05 -7.277711e-03
0.125         	-3.176239e-06 -1.464828e-05 4.721659e-03	-1.609568e-05 -3.221426e-05 1.286405e-02	1.291944e-05 1.756597e-05 -8.142387e-03
0.13125       	-2.781379e-06 -1.624559e-05 -7.049056e-04	-1.556620e-05 -3.324229e-05 8.168120e-03	1.278482e-05 1.699670e-05 -8.873026e-03
0.1375        	-4.017518e-06 -1.686362e-05 -4.724142e-03	-1.668381e-05 -3.329002e-05 4.763548e-03	1.266629e-05 1.642640e-05 -9.487691e-03
0.14375       	-4.945095e-06 -1.738566e-05 -7.333073e-03	-1.747260e-05 -3.324824e-05 2.664960e-03	1.252750e-05 1.586258e-05 -9.998034e-03
0.15          	-5.449509e-06 -1.949925e-05 -9.850731e-03	-1.776420e-05 -3.480557e-05 5.880547e-04	1.231469e-05 1.530632e-05 -1.043879e-02
0.15625       	-4.549901e-06 -1.982569e-05 -1.257195e-02	-1.654601e-05 -3.463482e-05 -1.758685e-03	1.199610e-05 1.480914e-05 -1.081326e-02
0.1625        	-6.224636e-06 -1.962580e-05 -1.456626e-02	-1.797526e-05 -3.390766e-05 -3.444541e-03	1.175062e-05 1.428186e-05 -1.112172e-02
0.16875       	-5.643006e-06 -1.997609e-05 -1.657948e-02	-1.712991e-05 -3.371349e-05 -5.210268e-03	1.148691e-05 1.373740e-05 -1.136921e-02
0.175         	-6.828143e-06 -2.160899e-05 -1.696810e-02	-1.801021e-05 -3.482488e-05 -5.408380e-03	1.118206e-05 1.321588e-05 -1.155972e-02
0.18125       	-5.867917e-06 -2.065321e-05 -1.752543e-02	-1.666286e-05 -3.336702e-05 -5.822930e-03	1.079494e-05 1.271382e-05 -1.170250e-02
0.1875        	-5.422003e-06 -2.066510e-05 -1.930965e-02	-1.585701e-05 -3.292565e-05 -7.504184e-03	1.043501e-05 1.226055e-05 -1.180546e-02
0.19375       	-6.248217e-06 -1.959937e-05 -1.992158e-02	-1.625862e-05 -3.141189e-05 -8.050770e-03	1.001040e-05 1.181252e-05 -1.187081e-02
0.2           	-6.317578e-06 -2.067180e-05 -2.109639e-02	-1.599403e-05 -3.223968e-05 -9.196663e-03	9.676453e-06 1.156788e-05 -1.189973e-02
0.20625       	-5.844970e-06 -1.923680e-05 -2.195696e-02	-1.516003e-05 -3.038283e-05 -1.006034e-02	9.315061e-06 1.114603e-05 -1.189662e-02
0.2125        	-6.187899e-06 -1.885686e-05 -2.301737e-02	-1.509505e-05 -2.949685e-05 -1.115286e-02	8.907152e-06 1.063999e-05 -1.186451e-02
0.21875       	-5.769239e-06 -1.873914e-05 -2.328156e-02	-1.425378e-05 -2.890618e-05 -1.147421e-02	8.484540e-06 1.016704e-05 -1.180736e-02
0.225         	-6.212425e-06 -1.873617e-05 -2.356491e-02	-1.432746e-05 -2.844597e-05 -1.183681e-02	8.115035e-06 9.709798e-06 -1.172810e-02
0.23125       	-6.651556e-06 -1.842396e-05 -2.431810e-02	-1.444712e-05 -2.772409e-05 -1.268930e-02	7.795559e-06 9.300128e-06 -1.162880e-02
0.2375        	-6.199520e-06 -1.747052e-05 -2.548847e-02	-1.371108e-05 -2.639092e-05 -1.397785e-02	7.511564e-06 8.920405e-06 -1.151062e-02
0.24375       	-6.294506e-06 -1.754865e-05 -2.638064e-02	-1.347326e-05 -2.607209e-05 -1.500650e-02	7.178754e-06 8.523442e-06 -1.137414e-02
0.25          	-6.178750e-06 -1.681757e-05 -2.751256e-02	-1.300431e-05 -2.493825e-05 -1.629015e-02	6.825559e-06 8.120686e-06 -1.122241e-02
0.25625       	-6.390787e-06 -1.658974e-05 -2.886331e-02	-1.287465e-05 -2.431758e-05 -1.780562e-02	6.483860e-06 7.727837e-06 -1.105769e-02
0.2625        	-5.897958e-06 -1.590822e-05 -3.006193e-02	-1.206735e-05 -2.325752e-05 -1.918209e-02	6.169395e-06 7.349298e-06 -1.087984e-02
0.26875       	-5.838923e-06 -1.557235e-05 -3.118179e-02	-1.170357e-05 -2.254765e-05 -2.049158e-02	5.864651e-06 6.975304e-06 -1.069021e-02
0.275         	-5.988791e-06 -1.520047e-05 -3.248086e-02	-1.154923e-05 -2.180609e-05 -2.198946e-02	5.560435e-06 6.605628e-06 -1.049141e-02
0.28125       	-5.639613e-06 -1.461774e-05 -3.382923e-02	-1.091172e-05 -2.086966e-05 -2.354413e-02	5.272103e-06 6.251918e-06 -1.028510e-02
0.2875        	-5.752042e-06 -1.410570e-05 -3.547388e-02	-1.074316e-05 -2.001812e-05 -2.540048e-02	4.991122e-06 5.912425e-06 -1.007340e-02
0.29375       	-5.233370e-06 -1.324629e-05 -3.723110e-02	-9.972463e-06 -1.883974e-05 -2.737431e-02	4.739092e-06 5.593444e-06 -9.856785e-03
0.3           	-5.219973e-06 -1.309451e-05 -3.902127e-02	-9.717617e-06 -1.837198e-05 -2.938784e-02	4.497644e-06 5.277474e-06 -9.633437e-03
0.30625       	-5.556392e-06 -1.295898e-05 -4.112227e-02	-9.806311e-06 -1.791781e-05 -3.171651e-02	4.249919e-06 4.958839e-06 -9.405765e-03
0.3125        	-5.173686e-06 -1.238793e-05 -4.335874e-02	-9.187467e-06 -1.703764e-05 -3.418262e-02	4.013781e-06 4.649710e-06 -9.176124e-03
0.31875       	-4.969638e-06 -1.185088e-05 -4.567692e-02	-8.768261e-06 -1.621254e-05 -3.673189e-02	3.798623e-06 4.361661e-06 -8.945036e-03
0.325         	-4.693346e-06 -1.149342e-05 -4.821329e-02	-8.286535e-06 -1.558311e-05 -3.950061e-02	3.593190e-06 4.089693e-06 -8.712682e-03
0.33125       	-4.654463e-06 -1.138692e-05 -5.073973e-02	-8.052797e-06 -1.521180e-05 -4.226020e-02	3.398334e-06 3.824878e-06 -8.479534e-03
0.3375        	-4.409424e-06 -1.110168e-05 -5.329345e-02	-7.605553e-06 -1.466950e-05 -4.504722e-02	3.196129e-06 3.567825e-06 -8.246235e-03
0.34375       	-4.057118e-06 -1.088124e-05 -5.600695e-02	-7.023278e-06 -1.420260e-05 -4.799269e-02	2.966160e-06 3.321366e-06 -8.014259e-03
0.35          	-3.779559e-06 -1.025174e-05 -5.880525e-02	-6.542805e-06 -1.334593e-05 -5.102069e-02	2.763246e-06 3.094192e-06 -7.784561e-03
0.35625       	-3.845382e-06 -1.003736e-05 -6.172386e-02	-6.419184e-06 -1.291842e-05 -5.416617e-02	2.573802e-06 2.881062e-06 -7.557687e-03
0.3625        	-3.795695e-06 -9.934089e-06 -6.483733e-02	-6.190718e-06 -1.259760e-05 -5.750346e-02	2.395023e-06 2.663515e-06 -7.333869e-03
0.36875       	-3.407451e-06 -9.470614e-06 -6.803893e-02	-5.641407e-06 -1.193099e-05 -6.092513e-02	2.233956e-06 2.460375e-06 -7.113801e-03
0.375         	-3.351637e-06 -9.067315e-06 -7.139598e-02	-5.429654e-06 -1.133337e-05 -6.449807e-02	2.078017e-06 2.266053e-06 -6.897906e-03
0.38125       	-3.188917e-06 -9.063246e-06 -7.499764e-02	-5.110694e-06 -1.113834e-05 -6.831131e-02	1.921777e-06 2.075093e-06 -6.686323e-03
0.3875        	-2.930881e-06 -8.725708e-06 -7.857562e-02	-4.708213e-06 -1.062484e-05 -7.209609e-02	1.777332e-06 1.899136e-06 -6.479529e-03
0.39375       	-2.868955e-06 -8.972989e-06 -8.223909e-02	-4.505668e-06 -1.069567e-05 -7.596102e-02	1.636713e-06 1.722676e-06 -6.278077e-03
0.4           	-2.981096e-06 -8.841444e-06 -8.594102e-02	-4.471205e-06 -1.038817e-05 -7.985929e-02	1.490109e-06 1.546727e-06 -6.081730e-03
0.40625       	-2.790652e-06 -8.555800e-06 -8.970112e-02	-4.147703e-06 -9.951806e-06 -8.381020e-02	1.357050e-06 1.396007e-06 -5.890922e-03
0.4125        	-2.708711e-06 -8.595859e-06 -9.360031e-02	-3.943376e-06 -9.855629e-06 -8.789387e-02	1.234665e-06 1.259770e-06 -5.706440e-03
0.41875       	-2.490550e-06 -8.289308e-06 -9.745931e-02	-3.611275e-06 -9.428160e-06 -9.193117e-02	1.120725e-06 1.138852e-06 -5.528141e-03
0.425         	-2.155757e-06 -8.268850e-06 -1.013551e-01	-3.173565e-06 -9.289649e-06 -9.599868e-02	1.017808e-06 1.020799e-06 -5.356397e-03
0.43125       	-2.199965e-06 -8.402349e-06 -1.053784e-01	-3.112177e-06 -9.311739e-06 -1.001874e-01	9.122114e-07 9.093905e-07 -5.191011e-03
0.4375        	-2.284274e-06 -7.929751e-06 -1.092615e-01	-3.096030e-06 -8.747618e-06 -1.042296e-01	8.117561e-07 8.178668e-07 -5.031914e-03
0.44375       	-2.038930e-06 -8.261422e-06 -1.134290e-01	-2.749370e-06 -8.987940e-06 -1.085495e-01	7.104407e-07 7.265177e-07 -4.879501e-03
0.45          	-1.956764e-06 -7.902744e-06 -1.175635e-01	-2.567258e-06 -8.553450e-06 -1.128295e-01	6.104943e-07 6.507053e-07 -4.733942e-03
0.45625       	-1.952906e-06 -8.051474e-06 -1.216802e-01	-2.467351e-06 -8.629434e-06 -1.170851e-01	5.144450e-07 5.779603e-07 -4.595138e-03
0.4625        	-1.690722e-06 -7.467247e-06 -1.258272e-01	-2.105913e-06 -7.983184e-06 -1.213640e-01	4.151908e-07 5.159370e-07 -4.463224e-03
0.46875       	-1.682906e-06 -7.686498e-06 -1.299494e-01	-1.988918e-06 -8.148213e-06 -1.256116e-01	3.060125e-07 4.617147e-07 -4.337810e-03
0.475         	-1.764794e-06 -7.787138e-06 -1.340982e-01	-1.973576e-06 -8.212722e-06 -1.298794e-01	2.087819e-07 4.255839e-07 -4.218769e-03
0.48125       	-1.161773e-06 -7.527422e-06 -1.383074e-01	-1.279987e-06 -7.906113e-06 -1.342005e-01	1.182139e-07 3.786909e-07 -4.106855e-03
0.4875        	-1.762102e-06 -7.494142e-06 -1.424499e-01	-1.813315e-06 -7.836651e-06 -1.384486e-01	5.121228e-08 3.425099e-07 -4.001329e-03
0.49375       	-1.731837e-06 -7.514186e-06 -1.465993e-01	-1.744710e-06 -7.837556e-06 -1.426974e-01	1.287253e-08 3.233699e-07 -3.901971e-03
0.5           	-2.257099e-06 -8.250773e-06 -1.507029e-01	-2.259631e-06 -8.576861e-06 -1.468944e-01	2.531917e-09 3.260876e-07 -3.808467e-03
0.50625       	-6.780052e-07 -6.282635e-06 -1.547212e-01	-6.469234e-07 -6.570908e-06 -1.510002e-01	-3.108180e-08 2.882737e-07 -3.720961e-03
0.5125        	-1.594273e-06 -6.925517e-06 -1.587790e-01	-1.519460e-06 -7.186951e-06 -1.551403e-01	-7.481357e-08 2.614335e-07 -3.638730e-03
0.51875       	-9.138547e-07 -6.610331e-06 -1.628116e-01	-8.023167e-07 -6.840957e-06 -1.592495e-01	-1.115380e-07 2.306253e-07 -3.562087e-03
0.525         	-1.004606e-06 -6.277845e-06 -1.668444e-01	-8.464150e-07 -6.474166e-06 -1.633534e-01	-1.581906e-07 1.963211e-07 -3.490973e-03
0.53125       	-1.230583e-06 -6.215324e-06 -1.707800e-01	-1.013815e-06 -6.390958e-06 -1.673550e-01	-2.167679e-07 1.756336e-07 -3.424993e-03
0.5375        	-1.074467e-06 -6.150595e-06 -1.746722e-01	-8.079550e-07 -6.311858e-06 -1.713081e-01	-2.665121e-07 1.612637e-07 -3.364030e-03
0.54375       	-9.554811e-07 -5.889810e-06 -1.784866e-01	-6.487488e-07 -6.041883e-06 -1.751790e-01	-3.067322e-07 1.520725e-07 -3.307615e-03
0.55          	-9.041873e-07 -5.655639e-06 -1.822957e-01	-5.581555e-07 -5.803735e-06 -1.790400e-01	-3.460318e-07 1.480963e-07 -3.255697e-03
0.55625       	-9.232224e-07 -5.731815e-06 -1.859721e-01	-5.427989e-07 -5.875464e-06 -1.827646e-01	-3.804234e-07 1.436496e-07 -3.207532e-03
0.5625        	-8.435473e-07 -5.468712e-06 -1.896718e-01	-4.202111e-07 -5.603548e-06 -1.865086e-01	-4.233362e-07 1.348359e-07 -3.163234e-03
0.56875       	-1.018190e-06 -5.860429e-06 -1.932881e-01	-5.677077e-07 -6.017413e-06 -1.901650e-01	-4.504823e-07 1.569834e-07 -3.123030e-03
0.575         	-1.066132e-06 -5.703541e-06 -1.968696e-01	-5.854174e-07 -5.874090e-06 -1.937827e-01	-4.807142e-07 1.705483e-07 -3.086909e-03
0.58125       	-6.619617e-07 -4.424724e-06 -2.003732e-01	-1.336415e-07 -4.601844e-06 -1.973189e-01	-5.283202e-07 1.771198e-07 -3.054295e-03
0.5875        	-7.905079e-07 -5.007152e-06 -2.038127e-01	-2.279504e-07 -5.202281e-06 -2.007879e-01	-5.625574e-07 1.951290e-07 -3.024839e-03
0.59375       	-8.052858e-07 -5.049431e-06 -2.071650e-01	-2.160815e-07 -5.256317e-06 -2.041665e-01	-5.892043e-07 2.068865e-07 -2.998490e-03
0.6           	-5.928836e-07 -4.272670e-06 -2.104528e-01	2.316899e-08 -4.498302e-06 -2.074776e-01	-6.160525e-07 2.256324e-07 -2.975266e-03
0.60625       	-5.295579e-07 -4.464640e-06 -2.136920e-01	1.076560e-07 -4.711536e-06 -2.107369e-01	-6.372139e-07 2.468960e-07 -2.955061e-03
0.6125        	-8.838651e-07 -4.209603e-06 -2.168748e-01	-2.167429e-07 -4.483410e-06 -2.139373e-01	-6.671222e-07 2.738075e-07 -2.937503e-03
0.61875       	-9.874805e-07 -3.995159e-06 -2.199534e-01	-2.863247e-07 -4.296516e-06 -2.170313e-01	-7.011558e-07 3.013578e-07 -2.922088e-03
0.625         	-8.694178e-07 -3.728050e-06 -2.229840e-01	-1.424697e-07 -4.063112e-06 -2.200751e-01	-7.269481e-07 3.350625e-07 -2.908877e-03
0.63125       	-6.332826e-07 -3.745430e-06 -2.259400e-01	1.074928e-07 -4.108028e-06 -2.230421e-01	-7.407754e-07 3.625982e-07 -2.897848e-03
0.6375        	-7.014756e-07 -3.732418e-06 -2.287798e-01	5.049653e-08 -4.116957e-06 -2.258912e-01	-7.519721e-07 3.845389e-07 -2.888614e-03
0.64375       	-7.516182e-07 -3.226064e-06 -2.315847e-01	1.587879e-08 -3.644518e-06 -2.287035e-01	-7.674970e-07 4.184539e-07 -2.881247e-03
0.65          	-7.677833e-07 -3.195825e-06 -2.342895e-01	2.124033e-08 -3.645924e-06 -2.314134e-01	-7.890237e-07 4.500990e-07 -2.876123e-03
0.65625       	-6.345878e-07 -3.053070e-06 -2.368782e-01	1.698716e-07 -3.531399e-06 -2.340059e-01	-8.044594e-07 4.783291e-07 -2.872306e-03
0.6625        	-7.346526e-07 -2.643897e-06 -2.394377e-01	8.856562e-08 -3.161364e-06 -2.365681e-01	-8.232182e-07 5.174678e-07 -2.869593e-03
0.66875       	-6.914637e-07 -2.723280e-06 -2.419698e-01	1.484458e-07 -3.268052e-06 -2.391015e-01	-8.399095e-07 5.447722e-07 -2.868370e-03
0.675         	-7.617558e-07 -2.632027e-06 -2.443422e-01	9.205469e-08 -3.201210e-06 -2.414742e-01	-8.538105e-07 5.691831e-07 -2.867956e-03
0.68125       	-9.960247e-07 -2.410518e-06 -2.466654e-01	-1.421162e-07 -3.032823e-06 -2.437971e-01	-8.539086e-07 6.223052e-07 -2.868257e-03
0.6875        	-1.160950e-06 -2.847108e-06 -2.489259e-01	-3.191273e-07 -3.523361e-06 -2.460564e-01	-8.418230e-07 6.762529e-07 -2.869471e-03
0.69375       	-1.064823e-06 -2.532340e-06 -2.511119e-01	-2.312261e-07 -3.256204e-06 -2.482406e-01	-8.335972e-07 7.238642e-07 -2.871237e-03
0.7           	-9.653377e-07 -1.998511e-06 -2.532271e-01	-1.376954e-07 -2.774043e-06 -2.503536e-01	-8.276424e-07 7.755321e-07 -2.873502e-03
0.70625       	-1.088212e-06 -2.243582e-06 -2.552407e-01	-2.683589e-07 -3.065154e-06 -2.523647e-01	-8.198530e-07 8.215718e-07 -2.875999e-03
0.7125        	-1.269621e-06 -2.106407e-06 -2.571988e-01	-4.532670e-07 -2.964642e-06 -2.543200e-01	-8.163536e-07 8.582348e-07 -2.878750e-03
0.71875       	-1.098154e-06 -1.804906e-06 -2.590863e-01	-2.835740e-07 -2.704696e-06 -2.562045e-01	-8.145802e-07 8.997904e-07 -2.881825e-03
0.725         	-1.639982e-06 -2.496770e-06 -2.608850e-01	-8.436056e-07 -3.441176e-06 -2.579999e-01	-7.963764e-07 9.444061e-07 -2.885096e-03
0.73125       	-1.451594e-06 -2.120032e-06 -2.626352e-01	-6.827265e-07 -3.123189e-06 -2.597468e-01	-7.688675e-07 1.003156e-06 -2.888355e-03
0.7375        	-1.163911e-06 -1.686033e-06 -2.642936e-01	-4.179390e-07 -2.737411e-06 -2.614021e-01	-7.459722e-07 1.051379e-06 -2.891579e-03
0.74375       	-1.271343e-06 -1.261850e-06 -2.658768e-01	-5.405381e-07 -2.352025e-06 -2.629821e-01	-7.308051e-07 1.090175e-06 -2.894745e-03
0.75          	-7.941220e-07 -8.625121e-07 -2.674115e-01	-6.564009e-08 -1.972727e-06 -2.645137e-01	-7.284819e-07 1.110215e-06 -2.897851e-03
0.75625       	-9.180896e-07 -1.150970e-06 -2.688306e-01	-1.930280e-07 -2.272764e-06 -2.659299e-01	-7.250616e-07 1.121794e-06 -2.900691e-03
0.7625        	-1.304059e-06 -8.249707e-07 -2.702619e-01	-5.817032e-07 -1.977488e-06 -2.673583e-01	-7.223562e-07 1.152517e-06 -2.903610e-03
0.76875       	-8.950840e-07 -5.849578e-07 -2.716037e-01	-1.731065e-07 -1.762780e-06 -2.686974e-01	-7.219774e-07 1.177822e-06 -2.906291e-03
0.775         	-1.132380e-06 -1.306591e-06 -2.728535e-01	-4.164228e-07 -2.499346e-06 -2.699450e-01	-7.159568e-07 1.192755e-06 -2.908473e-03
0.78125       	-1.212744e-06 -4.747962e-07 -2.740228e-01	-4.988071e-07 -1.700042e-06 -2.711125e-01	-7.139370e-07 1.225246e-06 -2.910294e-03
0.7875        	-9.254266e-07 -7.707760e-07 -2.751747e-01	-2.188484e-07 -2.020937e-06 -2.722628e-01	-7.065782e-07 1.250161e-06 -2.911978e-03
0.79375       	-1.089637e-06 -5.091768e-07 -2.762621e-01	-3.880285e-07 -1.785537e-06 -2.733489e-01	-7.016086e-07 1.276360e-06 -2.913184e-03
0.8           	-1.143209e-06 -4.287638e-07 -2.772749e-01	-4.444730e-07 -1.739881e-06 -2.743610e-01	-6.987360e-07 1.311117e-06 -2.913902e-03
0.80625       	-1.160105e-06 6.476929e-11 -2.781794e-01	-4.786412e-07 -1.359418e-06 -2.752653e-01	-6.814643e-07 1.359483e-06 -2.914157e-03
0.8125        	-1.107487e-06 -7.364414e-07 -2.790359e-01	-4.390257e-07 -2.119684e-06 -2.761223e-01	-6.684611e-07 1.383242e-06 -2.913582e-03
0.81875       	-1.162854e-06 -3.562305e-07 -2.798533e-01	-4.988518e-07 -1.761688e-06 -2.769409e-01	-6.640022e-07 1.405458e-06 -2.912361e-03
0.825         	-1.235973e-06 -2.083596e-07 -2.806071e-01	-5.781901e-07 -1.642765e-06 -2.776963e-01	-6.577827e-07 1.434406e-06 -2.910734e-03
0.83125       	-1.238067e-06 -3.653181e-07 -2.813038e-01	-5.970332e-07 -1.837468e-06 -2.783954e-01	-6.410333e-07 1.472150e-06 -2.908440e-03
0.8375        	-1.416250e-06 -9.688456e-08 -2.819252e-01	-7.976142e-07 -1.618004e-06 -2.790198e-01	-6.186359e-07 1.521120e-06 -2.905406e-03
0.84375       	-1.325460e-06 -2.543542e-07 -2.825192e-01	-7.335678e-07 -1.816882e-06 -2.796175e-01	-5.918923e-07 1.562528e-06 -2.901723e-03
0.85          	-1.331358e-06 -3.226337e-07 -2.830348e-01	-7.576687e-07 -1.928161e-06 -2.801373e-01	-5.736893e-07 1.605527e-06 -2.897460e-03
0.85625       	-1.337667e-06 -2.708437e-07 -2.834902e-01	-7.715716e-07 -1.913849e-06 -2.805978e-01	-5.660955e-07 1.643006e-06 -2.892406e-03
0.8625        	-1.562710e-06 -4.492467e-07 -2.839008e-01	-1.030542e-06 -2.129404e-06 -2.810142e-01	-5.321680e-07 1.680157e-06 -2.886609e-03
0.86875       	-1.479542e-06 -2.206839e-07 -2.842592e-01	-9.735531e-07 -1.948423e-06 -2.813791e-01	-5.059889e-07 1.727739e-06 -2.880142e-03
0.875         	-1.639134e-06 -2.712875e-07 -2.845666e-01	-1.144464e-06 -2.045991e-06 -2.816937e-01	-4.946693e-07 1.774703e-06 -2.872812e-03
0.88125       	-1.669091e-06 -1.814204e-07 -2.848122e-01	-1.185357e-06 -1.996979e-06 -2.819476e-01	-4.837332e-07 1.815559e-06 -2.864627e-03
0.8875        	-1.756820e-06 -7.024076e-07 -2.850186e-01	-1.289074e-06 -2.550753e-06 -2.821631e-01	-4.677460e-07 1.848345e-06 -2.855484e-03
0.89375       	-1.580971e-06 -2.661137e-07 -2.851640e-01	-1.137408e-06 -2.149908e-06 -2.823187e-01	-4.435627e-07 1.883794e-06 -2.845254e-03
0.9           	-1.624980e-06 -1.946546e-07 -2.852599e-01	-1.196320e-06 -2.125021e-06 -2.824259e-01	-4.286600e-07 1.930367e-06 -2.833926e-03
0.90625       	-1.351933e-06 -5.565586e-08 -2.853107e-01	-9.398683e-07 -2.025454e-06 -2.824893e-01	-4.120648e-07 1.969798e-06 -2.821452e-03
0.9125        	-8.065224e-07 3.907946e-07 -2.853314e-01	-4.135328e-07 -1.613789e-06 -2.825231e-01	-3.929897e-07 2.004584e-06 -2.808369e-03
0.91875       	-1.195165e-06 3.107056e-07 -2.852440e-01	-8.243300e-07 -1.739364e-06 -2.824489e-01	-3.708346e-07 2.050069e-06 -2.795076e-03
0.925         	-1.177784e-06 1.401086e-07 -2.851566e-01	-8.251277e-07 -1.953228e-06 -2.823742e-01	-3.526567e-07 2.093336e-06 -2.782440e-03
0.93125       	-1.025260e-06 5.781912e-07 -2.849992e-01	-6.855455e-07 -1.559478e-06 -2.822287e-01	-3.397145e-07 2.137669e-06 -2.770515e-03
0.9375        	-6.402718e-07 6.758589e-07 -2.848271e-01	-3.219440e-07 -1.503629e-06 -2.820693e-01	-3.183278e-07 2.179488e-06 -2.757796e-03
0.94375       	-1.093398e-06 4.302845e-07 -2.845764e-01	-7.971332e-07 -1.794981e-06 -2.818325e-01	-2.962646e-07 2.225266e-06 -2.743957e-03
0.95          	-1.420770e-06 4.121485e-08 -2.842894e-01	-1.144909e-06 -2.222277e-06 -2.815602e-01	-2.758611e-07 2.263492e-06 -2.729183e-03
0.95625       	-1.253539e-06 2.290772e-07 -2.839733e-01	-9.972775e-07 -2.065650e-06 -2.812599e-01	-2.562611e-07 2.294727e-06 -2.713395e-03
0.9625        	-9.670818e-07 1.307067e-07 -2.835908e-01	-7.259226e-07 -2.197323e-06 -2.808941e-01	-2.411592e-07 2.328030e-06 -2.696680e-03
0.96875       	-1.481681e-06 -7.822404e-08 -2.831475e-01	-1.260658e-06 -2.452009e-06 -2.804684e-01	-2.210227e-07 2.373785e-06 -2.679144e-03
0.975         	-1.438355e-06 -6.157876e-08 -2.827036e-01	-1.236824e-06 -2.478785e-06 -2.800424e-01	-2.015304e-07 2.417206e-06 -2.661136e-03
0.98125       	-1.434036e-06 -4.522401e-08 -2.822013e-01	-1.252595e-06 -2.506547e-06 -2.795586e-01	-1.814409e-07 2.461323e-06 -2.642683e-03
0.9875        	-1.438649e-06 -2.288649e-07 -2.816461e-01	-1.273998e-06 -2.730167e-06 -2.790225e-01	-1.646508e-07 2.501302e-06 -2.623607e-03
0.99375       	-1.217597e-06 -4.239643e-08 -2.810618e-01	-1.064353e-06 -2.571944e-06 -2.784580e-01	-1.532436e-07 2.529547e-06 -2.603829e-03
1             	-7.189561e-07 2.211142e-07 -2.804215e-01	-5.642492e-07 -2.323903e-06 -2.778381e-01	-1.547069e-07 2.545017e-06 -2.583478e-03
1.00625       	-3.556041e-07 9.163394e-07 -2.797423e-01	-1.738995e-07 -1.619815e-06 -2.771798e-01	-1.817046e-07 2.536155e-06 -2.562416e-03
1.0125        	-2.879558e-07 7.991209e-07 -2.790093e-01	-6.429687e-08 -1.709469e-06 -2.764686e-01	-2.236590e-07 2.508589e-06 -2.540730e-03
1.01875       	-4.125699e-07 7.653547e-07 -2.782629e-01	-1.521846e-07 -1.718982e-06 -2.757445e-01	-2.603853e-07 2.484337e-06 -2.518369e-03
1.025         	-6.284045e-07 5.918034e-07 -2.774591e-01	-3.516997e-07 -1.890364e-06 -2.749637e-01	-2.767048e-07 2.482167e-06 -2.495343e-03
1.03125       	-4.481693e-07 4.351126e-07 -2.766145e-01	-1.669853e-07 -2.046099e-06 -2.741428e-01	-2.811840e-07 2.481212e-06 -2.471782e-03
1.0375        	-4.639922e-07 7.208095e-07 -2.757286e-01	-1.773213e-07 -1.765381e-06 -2.732810e-01	-2.866710e-07 2.486191e-06 -2.447571e-03
1.04375       	-3.706773e-07 5.565872e-07 -2.748034e-01	-7.692140e-08 -1.928674e-06 -2.723807e-01	-2.937559e-07 2.485261e-06 -2.422729e-03
1.05          	-4.668052e-07 6.841137e-07 -2.738430e-01	-1.685377e-07 -1.806791e-06 -2.714458e-01	-2.982675e-07 2.490905e-06 -2.397205e-03
1.05625       	-3.302784e-07 4.313376e-07 -2.728464e-01	-4.234849e-08 -2.071881e-06 -2.704753e-01	-2.879300e-07 2.503218e-06 -2.371125e-03
1.0625        	-6.130379e-07 6.339539e-07 -2.717851e-01	-3.300237e-07 -1.887030e-06 -2.694406e-01	-2.830142e-07 2.520984e-06 -2.344479e-03
1.06875       	-3.904359e-07 5.714551e-07 -2.707231e-01	-1.144163e-07 -1.967066e-06 -2.684058e-01	-2.760196e-07 2.538521e-06 -2.317262e-03
1.075         	-4.083143e-07 2.347157e-07 -2.695991e-01	-1.497069e-07 -2.311994e-06 -2.673097e-01	-2.586073e-07 2.546710e-06 -2.289478e-03
1.08125       	-3.764637e-07 3.301796e-07 -2.684357e-01	-1.342977e-07 -2.227213e-06 -2.661746e-01	-2.421660e-07 2.557392e-06 -2.261114e-03
1.0875        	-5.604414e-07 4.857251e-07 -2.672319e-01	-3.288524e-07 -2.088994e-06 -2.649997e-01	-2.315890e-07 2.574719e-06 -2.232173e-03
1.09375       	-4.506253e-07 4.538502e-07 -2.659878e-01	-2.366635e-07 -2.139297e-06 -2.637849e-01	-2.139618e-07 2.593148e-06 -2.202807e-03
1.1           	-5.559518e-07 4.216465e-07 -2.647111e-01	-3.517602e-07 -2.187197e-06 -2.625382e-01	-2.041916e-07 2.608844e-06 -2.172958e-03
1.10625       	-2.196022e-07 3.037071e-07 -2.633980e-01	-3.098191e-08 -2.316128e-06 -2.612552e-01	-1.886203e-07 2.619835e-06 -2.142718e-03
1.1125        	-6.053943e-07 3.994989e-07 -2.620272e-01	-4.305038e-07 -2.234146e-06 -2.599152e-01	-1.748905e-07 2.633645e-06 -2.112006e-03
1.11875       	-2.770490e-07 2.553164e-07 -2.606338e-01	-1.160435e-07 -2.388854e-06 -2.585530e-01	-1.610054e-07 2.644170e-06 -2.080793e-03
1.125         	-4.993772e-07 3.501858e-07 -2.591968e-01	-3.484193e-07 -2.306112e-06 -2.571476e-01	-1.509580e-07 2.656298e-06 -2.049119e-03
1.13125       	-3.120869e-07 2.589374e-07 -2.577306e-01	-1.752457e-07 -2.406522e-06 -2.557135e-01	-1.368412e-07 2.665460e-06 -2.017060e-03
1.1375        	-4.919427e-07 2.168244e-07 -2.562330e-01	-3.716434e-07 -2.453957e-06 -2.542484e-01	-1.202993e-07 2.670781e-06 -1.984629e-03
1.14375       	-3.817655e-07 3.222933e-07 -2.546786e-01	-2.709384e-07 -2.355611e-06 -2.527269e-01	-1.108270e-07 2.677904e-06 -1.951745e-03
1.15          	-3.493362e-07 3.041746e-07 -2.530984e-01	-2.449646e-07 -2.373760e-06 -2.511799e-01	-1.043716e-07 2.677934e-06 -1.918440e-03
1.15625       	-3.071152e-07 2.526119e-07 -2.514640e-01	-2.061926e-07 -2.423941e-06 -2.495792e-01	-1.009226e-07 2.676553e-06 -1.884768e-03
1.1625        	-3.055936e-07 2.183776e-07 -2.497650e-01	-2.104368e-07 -2.455898e-06 -2.479143e-01	-9.515682e-08 2.674275e-06 -1.850683e-03
1.16875       	-3.527346e-07 4.113598e-07 -2.480573e-01	-2.709247e-07 -2.267769e-06 -2.462410e-01	-8.180991e-08 2.679129e-06 -1.816276e-03
1.175         	-8.680834e-08 1.994334e-07 -2.463509e-01	-1.877575e-08 -2.484255e-06 -2.445692e-01	-6.803259e-08 2.683689e-06 -1.781716e-03
1.18125       	-3.854714e-07 3.834778e-07 -2.446004e-01	-3.223780e-07 -2.304507e-06 -2.428534e-01	-6.309338e-08 2.687985e-06 -1.747024e-03
1.1875        	-1.992811e-07 2.662014e-07 -2.427593e-01	-1.444501e-07 -2.423414e-06 -2.410474e-01	-5.483104e-08 2.689615e-06 -1.711889e-03
1.19375       	-2.533545e-07 3.046425e-07 -2.409271e-01	-2.081671e-07 -2.388859e-06 -2.392506e-01	-4.518742e-08 2.693501e-06 -1.676524e-03
1.2           	-2.887055e-07 2.015787e-07 -2.390951e-01	-2.513180e-07 -2.493814e-06 -2.374540e-01	-3.738744e-08 2.695393e-06 -1.641033e-03
1.20625       	-2.259106e-07 3.916153e-07 -2.371773e-01	-1.968559e-07 -2.309629e-06 -2.355720e-01	-2.905476e-08 2.701244e-06 -1.605271e-03
1.2125        	-8.491919e-08 1.766177e-07 -2.352548e-01	-6.783757e-08 -2.525895e-06 -2.336855e-01	-1.708162e-08 2.702513e-06 -1.569244e-03
1.21875       	-2.737749e-07 2.944294e-07 -2.332770e-01	-2.638320e-07 -2.410465e-06 -2.317440e-01	-9.942865e-09 2.704894e-06 -1.533001e-03
1.225         	-6.680155e-08 2.563735e-07 -2.312863e-01	-6.723377e-08 -2.451150e-06 -2.297897e-01	4.322224e-10 2.707524e-06 -1.496629e-03
1.23125       	-3.117734e-07 4.810925e-08 -2.292174e-01	-3.176132e-07 -2.654236e-06 -2.277574e-01	5.839856e-09 2.702345e-06 -1.460042e-03
1.2375        	-1.902881e-07 1.786311e-07 -2.271202e-01	-2.024503e-07 -2.522243e-06 -2.256969e-01	1.216218e-08 2.700874e-06 -1.423259e-03
1.24375       	-1.653985e-07 2.614588e-07 -2.250095e-01	-1.865074e-07 -2.442935e-06 -2.236231e-01	2.110889e-08 2.704393e-06 -1.386350e-03
1.25          	-1.794641e-07 3.294937e-08 -2.228710e-01	-2.089133e-07 -2.667495e-06 -2.215217e-01	2.944921e-08 2.700445e-06 -1.349342e-03
1.25625       	-1.536075e-07 2.164967e-07 -2.206467e-01	-1.917317e-07 -2.483761e-06 -2.193346e-01	3.812415e-08 2.700257e-06 -1.312097e-03
1.2625        	-2.025368e-07 1.664345e-07 -2.184283e-01	-2.471360e-07 -2.535340e-06 -2.171537e-01	4.459923e-08 2.701774e-06 -1.274660e-03
1.26875       	-2.018778e-07 1.950959e-07 -2.161773e-01	-2.562786e-07 -2.507786e-06 -2.149402e-01	5.440073e-08 2.702882e-06 -1.237158e-03
1.275         	1.359195e-07 4.451464e-07 -2.138696e-01	8.635160e-08 -2.243367e-06 -2.126701e-01	4.956794e-08 2.688513e-06 -1.199543e-03
1.28125       	2.662546e-07 2.206445e-07 -2.115393e-01	2.248133e-07 -2.440535e-06 -2.103775e-01	4.144128e-08 2.661179e-06 -1.161811e-03
1.2875        	6.810114e-07 1.499547e-06 -2.092245e-01	6.719373e-07 -1.104974e-06 -2.081003e-01	9.074121e-09 2.604520e-06 -1.124190e-03
1.29375       	4.911197e-07 6.697184e-07 -2.068194e-01	5.129701e-07 -1.889063e-06 -2.057328e-01	-2.185036e-08 2.558781e-06 -1.086510e-03
1.3           	5.171189e-07 9.117051e-07 -2.043808e-01	5.596866e-07 -1.607960e-06 -2.033321e-01	-4.256778e-08 2.519665e-06 -1.048679e-03
1.30625       	5.330686e-07 9.382425e-07 -2.019357e-01	5.836288e-07 -1.543984e-06 -2.009249e-01	-5.056016e-08 2.482226e-06 -1.010826e-03
1.3125        	3.256325e-07 7.769475e-07 -1.994184e-01	3.768112e-07 -1.684697e-06 -1.984455e-01	-5.117874e-08 2.461645e-06 -9.729313e-04
1.31875       	4.931029e-07 9.512499e-07 -1.969196e-01	5.459106e-07 -1.489282e-06 -1.959845e-01	-5.280768e-08 2.440532e-06 -9.350700e-04
1.325         	1.360969e-07 6.635194e-07 -1.943746e-01	1.771225e-07 -1.766982e-06 -1.934774e-01	-4.102554e-08 2.430502e-06 -8.972217e-04
1.33125       	4.435245e-07 7.926101e-07 -1.917708e-01	4.672765e-07 -1.628494e-06 -1.909114e-01	-2.375202e-08 2.421104e-06 -8.593540e-04
1.3375        	2.066194e-07 6.360533e-07 -1.891319e-01	2.195408e-07 -1.769754e-06 -1.883106e-01	-1.292140e-08 2.405807e-06 -8.213641e-04
1.34375       	3.944752e-07 7.748608e-07 -1.864656e-01	3.914494e-07 -1.621569e-06 -1.856823e-01	3.025752e-09 2.396430e-06 -7.833012e-04
1.35          	1.650534e-07 8.427800e-07 -1.838319e-01	1.504622e-07 -1.546243e-06 -1.830865e-01	1.459122e-08 2.389023e-06 -7.454545e-04
1.35625       	2.030450e-07 7.235539e-07 -1.811600e-01	1.776308e-07 -1.653505e-06 -1.804522e-01	2.541426e-08 2.377058e-06 -7.078372e-04
1.3625        	2.657135e-07 7.606303e-07 -1.784273e-01	2.261350e-07 -1.604227e-06 -1.777571e-01	3.957856e-08 2.364858e-06 -6.702072e-04
1.36875       	2.867255e-07 7.103140e-07 -1.756869e-01	2.330281e-07 -1.641098e-06 -1.750544e-01	5.369746e-08 2.351412e-06 -6.325618e-04
1.375         	9.991922e-08 1.008256e-06 -1.729249e-01	3.759405e-08 -1.336771e-06 -1.723298e-01	6.232517e-08 2.345027e-06 -5.950614e-04
1.38125       	2.543733e-07 7.722532e-07 -1.701547e-01	1.807198e-07 -1.560623e-06 -1.695970e-01	7.365353e-08 2.332877e-06 -5.577159e-04
1.3875        	1.356602e-07 9.281541e-07 -1.673755e-01	5.230792e-08 -1.392534e-06 -1.668550e-01	8.335224e-08 2.320688e-06 -5.205834e-04
1.39375       	5.252857e-08 7.533275e-07 -1.645437e-01	-3.730432e-08 -1.550939e-06 -1.640602e-01	8.983289e-08 2.304266e-06 -4.834965e-04
1.4           	1.761319e-07 7.972193e-07 -1.615706e-01	7.615420e-08 -1.490171e-06 -1.611246e-01	9.997769e-08 2.287390e-06 -4.460354e-04
1.40625       	1.671087e-07 8.394668e-07 -1.586547e-01	5.660211e-08 -1.433188e-06 -1.582462e-01	1.105066e-07 2.272655e-06 -4.085136e-04
1.4125        	8.858190e-08 7.184301e-07 -1.557170e-01	-2.961168e-08 -1.535828e-06 -1.553459e-01	1.181936e-07 2.254258e-06 -3.711163e-04
1.41875       	1.319494e-07 8.872402e-07 -1.527657e-01	5.726063e-09 -1.352205e-06 -1.524319e-01	1.262233e-07 2.239445e-06 -3.338499e-04
1.425         	-4.595301e-08 7.768882e-07 -1.497662e-01	-1.763651e-07 -1.445887e-06 -1.494695e-01	1.304121e-07 2.222775e-06 -2.966320e-04
1.43125       	4.768476e-08 9.630793e-07 -1.467605e-01	-8.925427e-08 -1.245842e-06 -1.465010e-01	1.369390e-07 2.208921e-06 -2.595312e-04
1.4375        	4.379836e-08 7.763657e-07 -1.437234e-01	-1.011765e-07 -1.414235e-06 -1.435009e-01	1.449748e-07 2.190601e-06 -2.225172e-04
1.44375       	6.881079e-08 8.850388e-07 -1.406504e-01	-8.424821e-08 -1.287236e-06 -1.404649e-01	1.530590e-07 2.172274e-06 -1.855546e-04
1.45          	-1.243130e-08 9.315472e-07 -1.376007e-01	-1.724538e-07 -1.224718e-06 -1.374520e-01	1.600225e-07 2.156265e-06 -1.487053e-04
1.45625       	3.006674e-08 8.308496e-07 -1.345537e-01	-1.403174e-07 -1.305541e-06 -1.344418e-01	1.703842e-07 2.136391e-06 -1.119549e-04
1.4625        	-1.055218e-07 9.790818e-07 -1.316677e-01	-2.849185e-07 -1.139835e-06 -1.315921e-01	1.793967e-07 2.118917e-06 -7.566289e-05
1.46875       	2.055385e-08 8.966106e-07 -1.275073e-01	-1.715602e-07 -1.204536e-06 -1.274700e-01	1.921141e-07 2.101147e-06 -3.732782e-05
1.475         	-7.820919e-08 1.038272e-06 -1.250541e-01	-2.788365e-07 -1.046030e-06 -1.250541e-01	2.006273e-07 2.084302e-06 8.062612e-09
1.48125       	-1.609534e-08 7.727282e-07 -1.218968e-01	-2.271518e-07 -1.287253e-06 -1.219333e-01	2.110565e-07 2.059982e-06 3.646304e-05
1.4875        	-8.001556e-08 1.184611e-06 -1.187068e-01	-2.994317e-07 -8.593139e-07 -1.187800e-01	2.194161e-07 2.043925e-06 7.314233e-05
1.49375       	-1.134480e-07 9.931841e-07 -1.155228e-01	-3.393130e-07 -1.032876e-06 -1.156327e-01	2.258651e-07 2.026060e-06 1.099059e-04
1.5           	-1.668676e-07 1.050414e-06 -1.122928e-01	-3.973451e-07 -9.550759e-07 -1.124396e-01	2.304775e-07 2.005490e-06 1.467936e-04
1.50625       	-1.472342e-07 9.865861e-07 -1.090506e-01	-3.846683e-07 -9.976652e-07 -1.092345e-01	2.374341e-07 1.984251e-06 1.838554e-04
1.5125        	-2.564215e-07 1.210585e-06 -1.058416e-01	-4.994937e-07 -7.572683e-07 -1.060624e-01	2.430722e-07 1.967853e-06 2.208244e-04
1.51875       	-1.706606e-07 8.734579e-07 -1.025581e-01	-4.220077e-07 -1.069400e-06 -1.028160e-01	2.513471e-07 1.942858e-06 2.579465e-04
1.525         	-2.756537e-07 1.183506e-06 -9.922877e-02	-5.338467e-07 -7.406271e-07 -9.952418e-02	2.581931e-07 1.924133e-06 2.954192e-04
1.53125       	-1.986291e-07 1.083180e-06 -9.592910e-02	-4.650680e-07 -8.220796e-07 -9.626222e-02	2.664389e-07 1.905259e-06 3.331293e-04
1.5375        	-2.966940e-07 1.205515e-06 -9.261030e-02	-5.711659e-07 -6.813522e-07 -9.298137e-02	2.744719e-07 1.886867e-06 3.710637e-04
1.54375       	-8.887620e-08 8.345473e-07 -8.924777e-02	-3.778627e-07 -1.023915e-06 -8.965716e-02	2.889865e-07 1.858462e-06 4.093849e-04
1.55          	-4.296138e-07 1.177638e-06 -8.586366e-02	-7.327824e-07 -6.645123e-07 -8.631186e-02	3.031686e-07 1.842150e-06 4.481996e-04
1.55625       	-2.306267e-07 1.076032e-06 -8.250748e-02	-5.408152e-07 -7.454218e-07 -8.299490e-02	3.101885e-07 1.821454e-06 4.874171e-04
1.5625        	-2.552260e-07 1.438094e-06 -7.912182e-02	-5.645049e-07 -3.549798e-07 -7.964886e-02	3.092789e-07 1.793073e-06 5.270361e-04
1.56875       	-2.366103e-07 1.191922e-06 -7.573887e-02	-5.445543e-07 -5.748756e-07 -7.630597e-02	3.079440e-07 1.766797e-06 5.671059e-04
1.575         	-2.543266e-07 1.459999e-06 -7.235062e-02	-5.633467e-07 -2.914215e-07 -7.295832e-02	3.090201e-07 1.751421e-06 6.076976e-04
1.58125       	-3.196457e-07 8.351612e-07 -6.895578e-02	-6.312245e-07 -8.894901e-07 -6.960458e-02	3.115789e-07 1.724651e-06 6.488033e-04
1.5875        	-2.354736e-07 1.520608e-06 -6.554697e-02	-5.512580e-07 -1.898852e-07 -6.623705e-02	3.157845e-07 1.710493e-06 6.900845e-04
1.59375       	-3.186972e-07 1.365962e-06 -6.213829e-02	-6.363696e-07 -3.300481e-07 -6.286942e-02	3.176723e-07 1.696010e-06 7.311315e-04
1.6           	-3.181754e-07 1.409416e-06 -5.873353e-02	-6.365409e-07 -2.667077e-07 -5.950542e-02	3.183655e-07 1.676124e-06 7.718957e-04
1.60625       	-3.631128e-07 1.323899e-06 -5.530690e-02	-6.824752e-07 -3.303362e-07 -5.611953e-02	3.193624e-07 1.654235e-06 8.126351e-04
1.6125        	-2.592966e-07 1.338272e-06 -5.183398e-02	-5.821013e-07 -2.918621e-07 -5.268765e-02	3.228047e-07 1.630135e-06 8.536659e-04
1.61875       	-3.603542e-07 1.176342e-06 -4.836636e-02	-6.822161e-07 -4.274805e-07 -4.926140e-02	3.218619e-07 1.603823e-06 8.950446e-04
1.625         	-1.633445e-07 1.295816e-06 -4.485607e-02	-4.890358e-07 -2.818280e-07 -4.579296e-02	3.256913e-07 1.577644e-06 9.368845e-04
1.63125       	-4.925731e-07 1.502098e-06 -4.139853e-02	-8.157223e-07 -5.545996e-08 -4.237766e-02	3.231492e-07 1.557558e-06 9.791264e-04
1.6375        	-3.401344e-07 1.511393e-06 -3.791852e-02	-6.620782e-07 -2.628385e-08 -3.894035e-02	3.219438e-07 1.537677e-06 1.021826e-03
1.64375       	-2.724520e-07 1.316399e-06 -3.442475e-02	-5.971944e-07 -1.939826e-07 -3.548974e-02	3.247424e-07 1.510382e-06 1.064985e-03
1.65          	-4.372231e-07 1.501790e-06 -3.093061e-02	-7.597937e-07 1.508114e-08 -3.203911e-02	3.225706e-07 1.486709e-06 1.108500e-03
1.65625       	-3.061689e-07 1.393964e-06 -2.741383e-02	-6.280118e-07 -6.862365e-08 -2.856621e-02	3.218430e-07 1.462588e-06 1.152379e-03
1.6625        	-3.862852e-07 1.467812e-06 -2.388648e-02	-7.065820e-07 2.881118e-08 -2.508309e-02	3.202967e-07 1.439001e-06 1.196612e-03
1.66875       	-3.000499e-07 1.484549e-06 -2.031904e-02	-6.192639e-07 6.861349e-08 -2.155983e-02	3.192139e-07 1.415935e-06 1.240799e-03
1.675         	-4.371560e-07 1.420232e-06 -1.682032e-02	-7.559453e-07 2.852143e-08 -1.810504e-02	3.187893e-07 1.391710e-06 1.284724e-03
1.68125       	-3.039330e-07 1.682023e-06 -1.338804e-02	-6.240682e-07 3.087769e-07 -1.471805e-02	3.201352e-07 1.373246e-06 1.330012e-03
1.6875        	-3.493220e-07 1.350652e-06 -9.872950e-03	-6.678390e-07 4.926409e-09 -1.124963e-02	3.185170e-07 1.345726e-06 1.376676e-03
1.69375       	-3.351452e-07 1.545145e-06 -6.367756e-03	-6.491459e-07 2.251511e-07 -7.791454e-03	3.140007e-07 1.319994e-06 1.423698e-03
1.7           	-4.085404e-07 1.514534e-06 -2.827361e-03	-7.157730e-07 2.203610e-07 -4.298476e-03	3.072326e-07 1.294173e-06 1.471114e-03
1.70625       	-2.800894e-07 1.619135e-06 6.625597e-04	-5.875613e-07 3.478812e-07 -8.565815e-04	3.074720e-07 1.271254e-06 1.519141e-03
1.7125        	-3.629807e-07 1.426067e-06 4.202482e-03	-6.729696e-07 1.776032e-07 2.634540e-03	3.099888e-07 1.248464e-06 1.567942e-03
1.71875       	-3.635093e-07 1.483405e-06 7.721488e-03	-6.753198e-07 2.548523e-07 6.103925e-03	3.118105e-07 1.228553e-06 1.617563e-03
1.725         	-3.567353e-07 1.552415e-06 1.125711e-02	-6.658567e-07 3.435104e-07 9.589127e-03	3.091213e-07 1.208905e-06 1.667981e-03
1.73125       	-3.693680e-07 1.446783e-06 1.475346e-02	-6.767617e-07 2.627540e-07 1.303446e-02	3.073937e-07 1.184029e-06 1.719004e-03
1.7375        	-3.205378e-07 1.459520e-06 1.827887e-02	-6.262938e-07 2.993570e-07 1.650825e-02	3.057560e-07 1.160163e-06 1.770626e-03
1.74375       	-3.651542e-07 1.491004e-06 2.180314e-02	-6.661308e-07 3.536378e-07 1.998021e-02	3.009766e-07 1.137366e-06 1.822934e-03
1.75          	-3.567428e-07 1.506302e-06 2.531912e-02	-6.520492e-07 3.907429e-07 2.344315e-02	2.953064e-07 1.115559e-06 1.875972e-03
1.75625       	-2.549491e-07 1.487762e-06 2.883550e-02	-5.463915e-07 3.944119e-07 2.690576e-02	2.914424e-07 1.093350e-06 1.929741e-03
1.7625        	-3.639692e-07 1.468285e-06 3.235561e-02	-6.500044e-07 3.979741e-07 3.037130e-02	2.860352e-07 1.070311e-06 1.984310e-03
1.76875       	-2.819167e-07 1.378624e-06 3.586033e-02	-5.640825e-07 3.328136e-07 3.382071e-02	2.821658e-07 1.045810e-06 2.039619e-03
1.775         	-3.865321e-07 1.498928e-06 3.936068e-02	-6.621669e-07 4.740742e-07 3.726501e-02	2.756348e-07 1.024854e-06 2.095671e-03
1.78125       	-3.551943e-07 1.451440e-06 4.286946e-02	-6.238665e-07 4.472217e-07 4.071693e-02	2.686722e-07 1.004218e-06 2.152539e-03
1.7875        	-3.610649e-07 1.461743e-06 4.638994e-02	-6.239639e-07 4.788379e-07 4.417964e-02	2.628991e-07 9.829046e-07 2.210300e-03
1.79375       	-3.635095e-07 1.623790e-06 4.988804e-02	-6.203488e-07 6.569518e-07 4.761916e-02	2.568393e-07 9.668380e-07 2.268881e-03
1.8           	-2.964173e-07 1.355720e-06 5.338592e-02	-5.495050e-07 4.108934e-07 5.105766e-02	2.530877e-07 9.448262e-07 2.328264e-03
1.80625       	-3.080089e-07 1.362179e-06 5.688771e-02	-5.573790e-07 4.410184e-07 5.449918e-02	2.493701e-07 9.211605e-07 2.388525e-03
1.8125        	-2.274065e-07 1.472582e-06 6.039715e-02	-4.740868e-07 5.700537e-07 5.794746e-02	2.466803e-07 9.025281e-07 2.449685e-03
1.81875       	-2.785591e-07 1.388525e-06 6.387207e-02	-5.211370e-07 5.055383e-07 6.136040e-02	2.425779e-07 8.829867e-07 2.511664e-03
1.825         	-3.656139e-07 1.499312e-06 6.735163e-02	-6.004359e-07 6.335735e-07 6.477714e-02	2.348220e-07 8.657388e-07 2.574486e-03
1.83125       	-4.075451e-07 1.300807e-06 7.083005e-02	-6.327685e-07 4.563568e-07 6.819183e-02	2.252234e-07 8.444505e-07 2.638223e-03
1.8375        	-1.196030e-07 1.389870e-06 7.430193e-02	-3.428002e-07 5.652574e-07 7.159909e-02	2.231972e-07 8.246128e-07 2.702844e-03
1.84375       	-2.955784e-07 1.345098e-06 7.777500e-02	-5.130220e-07 5.390660e-07 7.500664e-02	2.174437e-07 8.060319e-07 2.768359e-03
1.85          	-2.634385e-07 1.349123e-06 8.123502e-02	-4.726783e-07 5.614147e-07 7.840023e-02	2.092398e-07 7.877088e-07 2.834786e-03
1.85625       	-3.121399e-07 1.263224e-06 8.469378e-02	-5.124812e-07 4.952254e-07 8.179163e-02	2.003413e-07 7.679981e-07 2.902146e-03
1.8625        	-2.496347e-07 1.276384e-06 8.815466e-02	-4.436592e-07 5.265690e-07 8.518418e-02	1.940245e-07 7.498153e-07 2.970472e-03
1.86875       	2.985760e-08 1.317238e-06 9.160527e-02	-1.527494e-07 5.841743e-07 8.856550e-02	1.826070e-07 7.330640e-07 3.039770e-03
1.875         	-2.887238e-07 1.379084e-06 9.503123e-02	-4.611877e-07 6.643879e-07 9.192134e-02	1.724639e-07 7.146962e-07 3.109881e-03
1.88125       	-1.666066e-07 1.377184e-06 9.847098e-02	-3.283859e-07 6.815521e-07 9.529006e-02	1.617793e-07 6.956324e-07 3.180922e-03
1.8875        	-1.655442e-07 1.259032e-06 1.018978e-01	-3.112648e-07 5.869183e-07 9.864485e-02	1.457206e-07 6.721135e-07 3.252968e-03
1.89375       	5.245177e-08 1.463891e-06 1.053132e-01	-7.547998e-08 8.149113e-07 1.019872e-01	1.279318e-07 6.489792e-07 3.326017e-03
1.9           	-1.126877e-06 1.757130e-07 1.087169e-01	-1.276621e-06 -4.966178e-07 1.053170e-01	1.497439e-07 6.723308e-07 3.399967e-03
1.90625       	-8.828998e-08 1.023868e-06 1.121085e-01	-2.506043e-07 3.483173e-07 1.086338e-01	1.623143e-07 6.755507e-07 3.474671e-03
1.9125        	-4.181693e-07 9.854485e-07 1.155112e-01	-5.775719e-07 3.226248e-07 1.119609e-01	1.594026e-07 6.628237e-07 3.550297e-03
1.91875       	-2.513845e-07 9.294632e-07 1.189013e-01	-4.086789e-07 2.815576e-07 1.152743e-01	1.572944e-07 6.479056e-07 3.626947e-03
1.925         	-1.145476e-06 1.577636e-07 1.222771e-01	-1.333962e-06 -5.094080e-07 1.185726e-01	1.884860e-07 6.671716e-07 3.704524e-03
1.93125       	-1.135813e-07 9.655749e-07 1.256332e-01	-3.158669e-07 3.015282e-07 1.218504e-01	2.022856e-07 6.640467e-07 3.782805e-03
1.9375        	9.368655e-08 1.386577e-06 1.290035e-01	-1.021736e-07 7.573676e-07 1.251414e-01	1.958602e-07 6.292096e-07 3.862132e-03
1.94375       	-5.708804e-07 6.634142e-07 1.323686e-01	-7.630683e-07 6.348507e-08 1.284259e-01	1.921880e-07 5.999291e-07 3.942688e-03
1.95          	-2.415243e-07 8.135593e-07 1.356918e-01	-4.318852e-07 2.371965e-07 1.316679e-01	1.903609e-07 5.763627e-07 4.023936e-03
1.95625       	-1.668920e-07 9.114664e-07 1.390369e-01	-3.533811e-07 3.574656e-07 1.349309e-01	1.864892e-07 5.540007e-07 4.106081e-03
1.9625        	-2.020951e-07 9.111352e-07 1.423705e-01	-3.829602e-07 3.765917e-07 1.381813e-01	1.808651e-07 5.345434e-07 4.189277e-03
1.96875       	-2.396004e-07 8.347236e-07 1.456890e-01	-4.158885e-07 3.163336e-07 1.414156e-01	1.762881e-07 5.183899e-07 4.273415e-03
1.975         	-1.916852e-07 8.116170e-07 1.490023e-01	-3.648953e-07 3.085848e-07 1.446439e-01	1.732101e-07 5.030322e-07 4.358446e-03
1.98125       	-2.019478e-07 7.665875e-07 1.523086e-01	-3.720326e-07 2.788333e-07 1.478642e-01	1.700848e-07 4.877543e-07 4.444396e-03
1.9875        	-1.900202e-07 7.238786e-07 1.556050e-01	-3.563121e-07 2.525450e-07 1.510738e-01	1.662918e-07 4.713335e-07 4.531218e-03
1.99375       	-2.374888e-07 7.602133e-07 1.588718e-01	-4.010422e-07 3.069764e-07 1.542529e-01	1.635534e-07 4.532369e-07 4.618949e-03
2             	-2.070858e-07 4.913353e-07 1.621808e-01	-3.703240e-07 4.337006e-08 1.574734e-01	1.632382e-07 4.479652e-07 4.707401e-03
2.00625       	-1.371941e-07 4.719576e-07 1.654466e-01	-3.014225e-07 2.394699e-08 1.606499e-01	1.642284e-07 4.480106e-07 4.796683e-03
2.0125        	-2.059515e-07 5.223451e-07 1.687008e-01	-3.680589e-07 7.408414e-08 1.638140e-01	1.621074e-07 4.482610e-07 4.886795e-03
2.01875       	-1.546664e-07 4.539464e-07 1.719469e-01	-3.140335e-07 7.331959e-09 1.669692e-01	1.593671e-07 4.466144e-07 4.977677e-03
2.025         	-2.056562e-07 4.496996e-07 1.751996e-01	-3.615068e-07 6.893639e-09 1.701304e-01	1.558506e-07 4.428059e-07 5.069236e-03
2.03125       	-1.961861e-07 4.009168e-07 1.784372e-01	-3.504806e-07 -3.733110e-08 1.732760e-01	1.542945e-07 4.382479e-07 5.161289e-03
2.0375        	-1.970175e-07 2.957427e-07 1.816685e-01	-3.496079e-07 -1.362941e-07 1.764148e-01	1.525904e-07 4.320368e-07 5.253702e-03
2.04375       	-1.509010e-07 3.122833e-07 1.848936e-01	-3.033999e-07 -1.149859e-07 1.795481e-01	1.524989e-07 4.272692e-07 5.345508e-03
2.05          	-1.880675e-07 1.890867e-07 1.881243e-01	-3.367345e-07 -2.332786e-07 1.826876e-01	1.486671e-07 4.223654e-07 5.436666e-03
2.05625       	-2.935492e-07 2.898549e-07 1.912904e-01	-4.344063e-07 -1.325839e-07 1.857593e-01	1.408571e-07 4.224388e-07 5.531117e-03
2.0625        	-1.689681e-07 7.059134e-08 1.944816e-01	-3.156496e-07 -3.557139e-07 1.888518e-01	1.466815e-07 4.263053e-07 5.629862e-03
2.06875       	-1.656327e-07 6.392343e-08 1.976744e-01	-3.199602e-07 -3.552560e-07 1.919446e-01	1.543276e-07 4.191795e-07 5.729810e-03
2.075         	-2.376270e-07 1.493145e-07 2.008262e-01	-3.934027e-07 -2.616915e-07 1.949966e-01	1.557757e-07 4.110061e-07 5.829625e-03
2.08125       	-2.250209e-07 6.488468e-09 2.040232e-01	-3.722960e-07 -4.043605e-07 1.980939e-01	1.472750e-07 4.108490e-07 5.929314e-03
2.0875        	-2.140264e-07 -2.466634e-08 2.071708e-01	-3.552256e-07 -4.367952e-07 2.011405e-01	1.411992e-07 4.121289e-07 6.030289e-03
2.09375       	-1.473128e-07 -4.692704e-08 2.103159e-01	-2.888555e-07 -4.596389e-07 2.041838e-01	1.415428e-07 4.127118e-07 6.132071e-03
2.1           	-2.732983e-07 -1.347114e-08 2.135245e-01	-4.116225e-07 -4.280892e-07 2.072899e-01	1.383242e-07 4.146180e-07 6.234633e-03
2.10625       	-1.708084e-07 -1.303951e-07 2.166146e-01	-3.086608e-07 -5.460828e-07 2.102765e-01	1.378525e-07 4.156877e-07 6.338096e-03
2.1125        	-2.004991e-07 -1.607757e-07 2.197492e-01	-3.384749e-07 -5.777607e-07 2.133073e-01	1.379758e-07 4.169850e-07 6.441915e-03
2.11875       	-2.069381e-07 -2.543405e-07 2.228820e-01	-3.451321e-07 -6.711719e-07 2.163358e-01	1.381940e-07 4.168314e-07 6.546132e-03
2.125         	-2.075061e-07 -2.961387e-07 2.260012e-01	-3.466329e-07 -7.135230e-07 2.193504e-01	1.391268e-07 4.173843e-07 6.650865e-03
2.13125       	-2.325168e-07 -3.076087e-07 2.291184e-01	-3.722069e-07 -7.272563e-07 2.223623e-01	1.396901e-07 4.196476e-07 6.756074e-03
2.1375        	-2.516658e-07 -2.385856e-07 2.322436e-01	-3.921432e-07 -6.644015e-07 2.253819e-01	1.404773e-07 4.258159e-07 6.861703e-03
2.14375       	-7.633192e-08 -5.771900e-07 2.353448e-01	-2.226349e-07 -1.002077e-06 2.283772e-01	1.463030e-07 4.248874e-07 6.967547e-03
2.15          	-1.931896e-07 -4.473183e-07 2.384224e-01	-3.429777e-07 -8.746278e-07 2.313488e-01	1.497880e-07 4.273094e-07 7.073629e-03
2.15625       	-2.729266e-07 -5.011122e-07 2.415035e-01	-4.231251e-07 -9.339423e-07 2.343235e-01	1.501985e-07 4.328301e-07 7.179947e-03
2.1625        	-2.660634e-07 -4.903048e-07 2.446138e-01	-4.170029e-07 -9.299994e-07 2.373272e-01	1.509395e-07 4.396946e-07 7.286597e-03
2.16875       	-2.941830e-07 -5.605668e-07 2.476987e-01	-4.467666e-07 -1.007623e-06 2.403052e-01	1.525836e-07 4.470565e-07 7.393506e-03
2.175         	-8.116937e-08 -6.917349e-07 2.507792e-01	-2.417163e-07 -1.143486e-06 2.432787e-01	1.605469e-07 4.517509e-07 7.500528e-03
2.18125       	-2.451771e-07 -6.281559e-07 2.538333e-01	-4.106832e-07 -1.087617e-06 2.462258e-01	1.655061e-07 4.594614e-07 7.607538e-03
2.1875        	-2.713015e-07 -7.814220e-07 2.568997e-01	-4.392528e-07 -1.247424e-06 2.491851e-01	1.679513e-07 4.660022e-07 7.714604e-03
2.19375       	-2.766176e-07 -6.754151e-07 2.599438e-01	-4.478458e-07 -1.151792e-06 2.521221e-01	1.712282e-07 4.763767e-07 7.821691e-03
2.2           	-1.719699e-07 -7.947021e-07 2.630075e-01	-3.499501e-07 -1.281088e-06 2.550787e-01	1.779802e-07 4.863860e-07 7.928788e-03
2.20625       	-2.058181e-07 -8.639807e-07 2.660397e-01	-3.909188e-07 -1.359096e-06 2.580039e-01	1.851007e-07 4.951155e-07 8.035761e-03
2.2125        	-3.205206e-07 -8.606829e-07 2.690774e-01	-5.090911e-07 -1.366756e-06 2.609348e-01	1.885705e-07 5.060727e-07 8.142551e-03
2.21875       	-2.499224e-07 -9.430509e-07 2.721390e-01	-4.437861e-07 -1.460331e-06 2.638897e-01	1.938637e-07 5.172797e-07 8.249222e-03
2.225         	-2.334938e-07 -1.057985e-06 2.751731e-01	-4.349640e-07 -1.584749e-06 2.668175e-01	2.014703e-07 5.267636e-07 8.355639e-03
2.23125       	-2.542727e-07 -1.055006e-06 2.781698e-01	-4.631891e-07 -1.593294e-06 2.697083e-01	2.089164e-07 5.382875e-07 8.461562e-03
2.2375        	-2.914180e-07 -1.111490e-06 2.812351e-01	-5.069213e-07 -1.662916e-06 2.726679e-01	2.155033e-07 5.514263e-07 8.567163e-03
2.24375       	-1.905379e-07 -1.155232e-06 2.842586e-01	-4.156563e-07 -1.720193e-06 2.755863e-01	2.251185e-07 5.649610e-07 8.672304e-03
2.25          	-1.713677e-07 -1.244870e-06 2.872664e-01	-4.073976e-07 -1.822860e-06 2.784896e-01	2.360299e-07 5.779909e-07 8.776832e-03
2.25625       	-3.846698e-07 -1.143909e-06 2.903137e-01	-6.257319e-07 -1.739160e-06 2.814329e-01	2.410621e-07 5.952512e-07 8.880813e-03
2.2625        	-3.343549e-07 -1.313195e-06 2.933333e-01	-5.810199e-07 -1.924076e-06 2.843491e-01	2.466650e-07 6.108816e-07 8.984130e-03
2.26875       	-2.857764e-07 -1.209198e-06 2.963584e-01	-5.414512e-07 -1.838649e-06 2.872716e-01	2.556748e-07 6.294517e-07 9.086818e-03
2.275         	-2.152638e-07 -1.429280e-06 2.993606e-01	-4.828376e-07 -2.074672e-06 2.901718e-01	2.675738e-07 6.453920e-07 9.188777e-03
2.28125       	-3.307974e-07 -1.381889e-06 3.023926e-01	-6.081935e-07 -2.045075e-06 2.931026e-01	2.773960e-07 6.631865e-07 9.289973e-03
2.2875        	-3.046907e-07 -1.507026e-06 3.054352e-01	-5.927743e-07 -2.188598e-06 2.960448e-01	2.880836e-07 6.815719e-07 9.390409e-03
2.29375       	-2.522604e-07 -1.537921e-06 3.084328e-01	-5.531836e-07 -2.237388e-06 2.989430e-01	3.009232e-07 6.994670e-07 9.489784e-03
2.3           	-2.747853e-07 -1.632317e-06 3.114696e-01	-5.862003e-07 -2.351416e-06 3.018816e-01	3.114150e-07 7.190992e-07 9.588082e-03
2.30625       	-2.042728e-07 -1.765214e-06 3.145222e-01	-5.269540e-07 -2.501110e-06 3.048368e-01	3.226813e-07 7.358962e-07 9.685334e-03
2.3125        	-3.719566e-07 -1.621629e-06 3.175284e-01	-7.035235e-07 -2.383600e-06 3.077471e-01	3.315669e-07 7.619707e-07 9.781269e-03
2.31875       	-3.630854e-07 -1.720701e-06 3.205620e-01	-7.060476e-07 -2.509816e-06 3.106862e-01	3.429622e-07 7.891148e-07 9.875846e-03
2.325         	-3.427818e-07 -1.786591e-06 3.236056e-01	-7.000636e-07 -2.600663e-06 3.136366e-01	3.572818e-07 8.140718e-07 9.969057e-03
2.33125       	-3.437228e-07 -1.887899e-06 3.266103e-01	-7.202276e-07 -2.726644e-06 3.165496e-01	3.765048e-07 8.387451e-07 1.006069e-02
2.3375        	-3.297494e-07 -1.856897e-06 3.296363e-01	-7.300049e-07 -2.721703e-06 3.194855e-01	4.002555e-07 8.648066e-07 1.015072e-02
2.34375       	-4.436659e-07 -1.950062e-06 3.327196e-01	-8.637371e-07 -2.839185e-06 3.224803e-01	4.200712e-07 8.891227e-07 1.023933e-02
2.35          	-2.778860e-07 -2.059822e-06 3.357428e-01	-7.195859e-07 -2.973051e-06 3.254166e-01	4.416999e-07 9.132291e-07 1.032622e-02
2.35625       	-5.039609e-07 -1.934296e-06 3.388193e-01	-9.622193e-07 -2.878722e-06 3.284080e-01	4.582584e-07 9.444264e-07 1.041137e-02
2.3625        	-3.910853e-07 -2.156615e-06 3.418855e-01	-8.675770e-07 -3.130385e-06 3.313908e-01	4.764917e-07 9.737697e-07 1.049468e-02
2.36875       	-3.440077e-07 -2.204262e-06 3.449689e-01	-8.426204e-07 -3.206846e-06 3.343929e-01	4.986127e-07 1.002584e-06 1.057605e-02
2.375         	-4.058903e-07 -2.246392e-06 3.480416e-01	-9.256770e-07 -3.280857e-06 3.373862e-01	5.197867e-07 1.034466e-06 1.065536e-02
2.38125       	-3.769887e-07 -2.380419e-06 3.511382e-01	-9.189770e-07 -3.447333e-06 3.404057e-01	5.419882e-07 1.066914e-06 1.073256e-02
2.3875        	-3.725489e-07 -2.384339e-06 3.541716e-01	-9.381886e-07 -3.486600e-06 3.433643e-01	5.656397e-07 1.102261e-06 1.080733e-02
2.39375       	-4.585088e-07 -2.378343e-06 3.572634e-01	-1.046224e-06 -3.519663e-06 3.463836e-01	5.877153e-07 1.141320e-06 1.087971e-02
2.4           	-4.093654e-07 -2.490941e-06 3.603456e-01	-1.021321e-06 -3.671429e-06 3.493959e-01	6.119553e-07 1.180488e-06 1.094977e-02
2.40625       	-4.070225e-07 -2.691620e-06 3.634476e-01	-1.045373e-06 -3.908342e-06 3.524301e-01	6.383509e-07 1.216723e-06 1.101750e-02
2.4125        	-4.826685e-07 -2.552523e-06 3.666252e-01	-1.146433e-06 -3.812038e-06 3.555422e-01	6.637648e-07 1.259515e-06 1.108298e-02
2.41875       	-4.980419e-07 -2.587889e-06 3.697965e-01	-1.187804e-06 -3.893956e-06 3.586503e-01	6.897625e-07 1.306067e-06 1.114613e-02
2.425         	-4.344717e-07 -2.738069e-06 3.729375e-01	-1.153573e-06 -4.089375e-06 3.617307e-01	7.191009e-07 1.351306e-06 1.120675e-02
2.43125       	-5.939166e-07 -2.799569e-06 3.761122e-01	-1.340056e-06 -4.196678e-06 3.648475e-01	7.461398e-07 1.397109e-06 1.126478e-02
2.4375        	-3.484385e-07 -2.912116e-06 3.792904e-01	-1.128947e-06 -4.354938e-06 3.679703e-01	7.805090e-07 1.442823e-06 1.132011e-02
2.44375       	-4.917290e-07 -2.975576e-06 3.824033e-01	-1.305961e-06 -4.465670e-06 3.710311e-01	8.142325e-07 1.490094e-06 1.137225e-02
2.45          	-5.271325e-07 -2.984201e-06 3.856300e-01	-1.373139e-06 -4.525505e-06 3.742086e-01	8.460063e-07 1.541304e-06 1.142142e-02
2.45625       	-5.982182e-07 -2.833743e-06 3.886926e-01	-1.475998e-06 -4.434063e-06 3.772254e-01	8.777800e-07 1.600320e-06 1.146719e-02
2.4625        	-5.676578e-07 -3.068906e-06 3.920131e-01	-1.479990e-06 -4.725006e-06 3.805029e-01	9.123327e-07 1.656100e-06 1.151020e-02
2.46875       	-5.212615e-07 -3.138725e-06 3.953087e-01	-1.472075e-06 -4.849269e-06 3.837582e-01	9.508133e-07 1.710544e-06 1.155051e-02
2.475         	-5.372055e-07 -3.175973e-06 3.985638e-01	-1.527803e-06 -4.944013e-06 3.869761e-01	9.905972e-07 1.768040e-06 1.158768e-02
2.48125       	-6.881412e-07 -3.216393e-06 4.018874e-01	-1.715485e-06 -5.044586e-06 3.902657e-01	1.027344e-06 1.828192e-06 1.162173e-02
2.4875        	-4.296978e-07 -3.428139e-06 4.051948e-01	-1.501408e-06 -5.314479e-06 3.935424e-01	1.071710e-06 1.886340e-06 1.165240e-02
2.49375       	-5.071692e-07 -3.466912e-06 4.084555e-01	-1.624572e-06 -5.413448e-06 3.967761e-01	1.117403e-06 1.946536e-06 1.167939e-02
2.5           	-4.912245e-07 -3.517119e-06 4.117594e-01	-1.654132e-06 -5.527603e-06 4.000566e-01	1.162907e-06 2.010484e-06 1.170280e-02
2.50625       	-5.939703e-07 -3.493407e-06 4.149760e-01	-1.801227e-06 -5.572432e-06 4.032536e-01	1.207257e-06 2.079025e-06 1.172238e-02
2.5125        	-6.315493e-07 -3.578062e-06 4.184666e-01	-1.883297e-06 -5.727153e-06 4.067277e-01	1.251748e-06 2.149091e-06 1.173886e-02
2.51875       	-5.605646e-07 -3.650721e-06 4.219150e-01	-1.861284e-06 -5.870572e-06 4.101629e-01	1.300720e-06 2.219851e-06 1.175219e-02
2.525         	-5.998561e-07 -3.757108e-06 4.253401e-01	-1.951211e-06 -6.048288e-06 4.135781e-01	1.351354e-06 2.291179e-06 1.176196e-02
2.53125       	-5.817843e-07 -3.773343e-06 4.288119e-01	-1.985480e-06 -6.139045e-06 4.170438e-01	1.403696e-06 2.365701e-06 1.176809e-02
2.5375        	-6.975977e-07 -3.756697e-06 4.322814e-01	-2.152533e-06 -6.201534e-06 4.205109e-01	1.454935e-06 2.444837e-06 1.177049e-02
2.54375       	-5.157003e-07 -4.130263e-06 4.357400e-01	-2.028357e-06 -6.647672e-06 4.239713e-01	1.512656e-06 2.517409e-06 1.176870e-02
2.55          	-5.135953e-07 -3.984350e-06 4.392322e-01	-2.087290e-06 -6.581325e-06 4.274693e-01	1.573695e-06 2.596975e-06 1.176291e-02
2.55625       	-6.815204e-07 -3.986550e-06 4.426495e-01	-2.312107e-06 -6.670693e-06 4.308964e-01	1.630587e-06 2.684143e-06 1.175309e-02
2.5625        	-6.605301e-07 -4.024696e-06 4.463331e-01	-2.349423e-06 -6.798721e-06 4.345932e-01	1.688893e-06 2.774026e-06 1.173986e-02
2.56875       	-5.637591e-07 -4.139758e-06 4.500026e-01	-2.316961e-06 -7.003650e-06 4.382793e-01	1.753202e-06 2.863892e-06 1.172323e-02
2.575         	-6.650032e-07 -4.178885e-06 4.536475e-01	-2.482399e-06 -7.134105e-06 4.419448e-01	1.817396e-06 2.955220e-06 1.170266e-02
2.58125       	-6.691107e-07 -4.283133e-06 4.573686e-01	-2.551671e-06 -7.330368e-06 4.456905e-01	1.882560e-06 3.047235e-06 1.167809e-02
2.5875        	-6.157884e-07 -4.307486e-06 4.610257e-01	-2.567302e-06 -7.449728e-06 4.493763e-01	1.951513e-06 3.142242e-06 1.164932e-02
2.59375       	-8.774943e-07 -4.451188e-06 4.646910e-01	-2.894036e-06 -7.689224e-06 4.530749e-01	2.016542e-06 3.238036e-06 1.161610e-02
2.6           	-6.203329e-07 -4.431435e-06 4.683876e-01	-2.709985e-06 -7.768183e-06 4.568091e-01	2.089652e-06 3.336748e-06 1.157842e-02
2.60625       	-6.726064e-07 -4.441426e-06 4.722111e-01	-2.838700e-06 -7.880466e-06 4.606744e-01	2.166093e-06 3.439040e-06 1.153674e-02
2.6125        	-7.648181e-07 -4.688200e-06 4.761443e-01	-3.005159e-06 -8.228726e-06 4.646529e-01	2.240341e-06 3.540526e-06 1.149140e-02
2.61875       	-6.675132e-07 -4.668129e-06 4.800675e-01	-2.985563e-06 -8.313646e-06 4.686255e-01	2.318049e-06 3.645517e-06 1.144197e-02
2.625         	-7.982074e-07 -4.753807e-06 4.839737e-01	-3.193607e-06 -8.505902e-06 4.725857e-01	2.395399e-06 3.752095e-06 1.138803e-02
2.63125       	-7.625180e-07 -4.876267e-06 4.880419e-01	-3.237478e-06 -8.736185e-06 4.767119e-01	2.474960e-06 3.859918e-06 1.132999e-02
2.6375        	-7.314154e-07 -4.973288e-06 4.919604e-01	-3.290342e-06 -8.943011e-06 4.806930e-01	2.558926e-06 3.969723e-06 1.126741e-02
2.64375       	-6.154212e-07 -4.931192e-06 4.959040e-01	-3.264207e-06 -9.015634e-06 4.847038e-01	2.648786e-06 4.084442e-06 1.120023e-02
2.65          	-8.744655e-07 -4.913315e-06 4.998736e-01	-3.607918e-06 -9.116357e-06 4.887453e-01	2.733453e-06 4.203042e-06 1.112831e-02
2.65625       	-7.157701e-07 -4.733094e-06 5.041442e-01	-3.539374e-06 -9.063110e-06 4.930920e-01	2.823604e-06 4.330017e-06 1.105226e-02
2.6625        	-7.748788e-07 -5.048665e-06 5.083785e-01	-3.693948e-06 -9.500944e-06 4.974064e-01	2.919069e-06 4.452279e-06 1.097210e-02
2.66875       	-7.268184e-07 -4.967420e-06 5.126580e-01	-3.745416e-06 -9.545962e-06 5.017704e-01	3.018597e-06 4.578542e-06 1.088768e-02
2.675         	-8.172987e-07 -5.162871e-06 5.169345e-01	-3.931579e-06 -9.869720e-06 5.061360e-01	3.114281e-06 4.706849e-06 1.079854e-02
2.68125       	-7.596243e-07 -5.280800e-06 5.213321e-01	-3.976355e-06 -1.011669e-05 5.106272e-01	3.216730e-06 4.835891e-06 1.070484e-02
2.6875        	-9.910840e-07 -5.701266e-06 5.255664e-01	-4.311844e-06 -1.066607e-05 5.149602e-01	3.320760e-06 4.964801e-06 1.060623e-02
2.69375       	-9.834425e-07 -5.589809e-06 5.299312e-01	-4.412815e-06 -1.068901e-05 5.194284e-01	3.429373e-06 5.099205e-06 1.050282e-02
2.7           	-1.131618e-06 -5.762901e-06 5.343670e-01	-4.677368e-06 -1.100407e-05 5.239722e-01	3.545751e-06 5.241173e-06 1.039488e-02
2.70625       	-9.222765e-07 -5.623646e-06 5.390095e-01	-4.570198e-06 -1.100153e-05 5.287267e-01	3.647921e-06 5.377888e-06 1.028278e-02
2.7125        	-2.758709e-07 -5.186129e-06 5.436235e-01	-4.007379e-06 -1.068355e-05 5.334574e-01	3.731508e-06 5.497417e-06 1.016611e-02
2.71875       	-9.457313e-07 -5.775086e-06 5.483337e-01	-4.777905e-06 -1.140214e-05 5.382888e-01	3.832174e-06 5.627053e-06 1.004494e-02
2.725         	-8.195733e-07 -5.814269e-06 5.530510e-01	-4.763431e-06 -1.157855e-05 5.431318e-01	3.943858e-06 5.764284e-06 9.919149e-03
2.73125       	-8.936962e-07 -5.939655e-06 5.578640e-01	-4.949788e-06 -1.184257e-05 5.480752e-01	4.056092e-06 5.902919e-06 9.788779e-03
2.7375        	-9.497761e-07 -6.059167e-06 5.625505e-01	-5.119518e-06 -1.210276e-05 5.528973e-01	4.169742e-06 6.043595e-06 9.653256e-03
2.74375       	-2.768075e-07 -5.804195e-06 5.672904e-01	-4.545230e-06 -1.197414e-05 5.577778e-01	4.268422e-06 6.169942e-06 9.512518e-03
2.75          	-5.407946e-07 -6.194283e-06 5.722556e-01	-4.913735e-06 -1.250504e-05 5.628884e-01	4.372940e-06 6.310753e-06 9.367158e-03
2.75625       	-1.194707e-06 -6.375037e-06 5.772554e-01	-5.689312e-06 -1.283627e-05 5.680379e-01	4.494604e-06 6.461229e-06 9.217479e-03
2.7625        	-9.113269e-07 -6.278221e-06 5.824523e-01	-5.531768e-06 -1.289180e-05 5.733885e-01	4.620441e-06 6.613578e-06 9.063766e-03
2.76875       	-1.206103e-06 -6.560476e-06 5.876640e-01	-5.946191e-06 -1.332423e-05 5.787581e-01	4.740088e-06 6.763750e-06 8.905893e-03
2.775         	-1.223376e-06 -6.536905e-06 5.929131e-01	-6.086038e-06 -1.345399e-05 5.841694e-01	4.862662e-06 6.917085e-06 8.743707e-03
2.78125       	-1.140185e-06 -6.893574e-06 5.982430e-01	-6.132309e-06 -1.396060e-05 5.896656e-01	4.992124e-06 7.067027e-06 8.577399e-03
2.7875        	-1.198471e-06 -6.827587e-06 6.034542e-01	-6.320357e-06 -1.404518e-05 5.950476e-01	5.121886e-06 7.217588e-06 8.406619e-03
2.79375       	-1.290726e-06 -7.089095e-06 6.088173e-01	-6.544790e-06 -1.446009e-05 6.005860e-01	5.254064e-06 7.371000e-06 8.231251e-03
2.8           	-1.409732e-06 -7.126480e-06 6.142562e-01	-6.795712e-06 -1.465551e-05 6.062045e-01	5.385980e-06 7.529029e-06 8.051687e-03
2.80625       	-1.555757e-06 -7.564963e-06 6.197980e-01	-7.070831e-06 -1.524785e-05 6.119298e-01	5.515074e-06 7.682884e-06 7.868150e-03
2.8125        	-1.633399e-06 -7.256415e-06 6.254639e-01	-7.279121e-06 -1.509965e-05 6.177833e-01	5.645722e-06 7.843239e-06 7.680586e-03
2.81875       	-1.617482e-06 -7.607376e-06 6.313320e-01	-7.397423e-06 -1.560867e-05 6.238426e-01	5.779941e-06 8.001294e-06 7.489382e-03
2.825         	-1.832333e-06 -7.809267e-06 6.371705e-01	-7.745247e-06 -1.596530e-05 6.298759e-01	5.912914e-06 8.156035e-06 7.294591e-03
2.83125       	-1.795346e-06 -7.865191e-06 6.431255e-01	-7.845436e-06 -1.618130e-05 6.360294e-01	6.050090e-06 8.316111e-06 7.096113e-03
2.8375        	-1.835120e-06 -8.007823e-06 6.489131e-01	-8.023817e-06 -1.648557e-05 6.420198e-01	6.188697e-06 8.477750e-06 6.893393e-03
2.84375       	-2.026094e-06 -8.131803e-06 6.549107e-01	-8.353820e-06 -1.677288e-05 6.482239e-01	6.327726e-06 8.641073e-06 6.686833e-03
2.85          	-2.221067e-06 -8.421224e-06 6.610089e-01	-8.688134e-06 -1.722630e-05 6.545322e-01	6.467066e-06 8.805080e-06 6.476665e-03
2.85625       	-2.393401e-06 -8.617229e-06 6.671758e-01	-8.997452e-06 -1.758496e-05 6.609127e-01	6.604051e-06 8.967732e-06 6.263103e-03
2.8625        	-2.453680e-06 -8.699112e-06 6.735247e-01	-9.196506e-06 -1.783251e-05 6.674783e-01	6.742826e-06 9.133395e-06 6.046386e-03
2.86875       	-2.818038e-06 -8.876450e-06 6.799396e-01	-9.697669e-06 -1.817840e-05 6.741130e-01	6.879631e-06 9.301955e-06 5.826685e-03
2.875         	-2.953851e-06 -9.450193e-06 6.865262e-01	-9.972804e-06 -1.891895e-05 6.809221e-01	7.018953e-06 9.468752e-06 5.604122e-03
2.88125       	-3.163997e-06 -9.485013e-06 6.930603e-01	-1.032564e-05 -1.912538e-05 6.876817e-01	7.161646e-06 9.640367e-06 5.378560e-03
2.8875        	-3.468344e-06 -9.815420e-06 6.996812e-01	-1.077614e-05 -1.963513e-05 6.945313e-01	7.307795e-06 9.819710e-06 5.149873e-03
2.89375       	-3.629153e-06 -1.018004e-05 7.064092e-01	-1.109197e-05 -2.018774e-05 7.014908e-01	7.462814e-06 1.000769e-05 4.918382e-03
2.9           	-4.237209e-06 -1.084127e-05 7.131933e-01	-1.185510e-05 -2.104948e-05 7.085087e-01	7.617887e-06 1.020821e-05 4.684562e-03
2.90625       	-3.859256e-06 -1.015564e-05 7.201281e-01	-1.161324e-05 -2.054104e-05 7.156790e-01	7.753980e-06 1.038540e-05 4.449126e-03
2.9125        	-2.409719e-06 -8.637163e-06 7.272389e-01	-1.021103e-05 -1.908935e-05 7.230285e-01	7.801316e-06 1.045219e-05 4.210405e-03
2.91875       	-4.907544e-06 -9.937143e-06 7.343829e-01	-1.283092e-05 -2.047311e-05 7.304140e-01	7.923373e-06 1.053597e-05 3.968924e-03
2.925         	-4.327213e-06 -1.030041e-05 7.415275e-01	-1.239784e-05 -2.097725e-05 7.378020e-01	8.070629e-06 1.067684e-05 3.725459e-03
2.93125       	-4.809648e-06 -1.035156e-05 7.490155e-01	-1.301639e-05 -2.117162e-05 7.455346e-01	8.206738e-06 1.082006e-05 3.480941e-03
2.9375        	-5.090559e-06 -1.082717e-05 7.565054e-01	-1.343501e-05 -2.178470e-05 7.532704e-01	8.344454e-06 1.095753e-05 3.235016e-03
2.94375       	-5.423108e-06 -1.074002e-05 7.639984e-01	-1.390383e-05 -2.183928e-05 7.610110e-01	8.480719e-06 1.109926e-05 2.987363e-03
2.95          	-5.741391e-06 -1.104176e-05 7.716622e-01	-1.435700e-05 -2.227980e-05 7.689238e-01	8.615604e-06 1.123804e-05 2.738453e-03
2.95625       	-5.213841e-06 -1.023433e-05 7.793894e-01	-1.393985e-05 -2.158481e-05 7.769008e-01	8.726008e-06 1.135048e-05 2.488619e-03
2.9625        	-4.112432e-06 -9.867620e-06 7.873074e-01	-1.285704e-05 -2.128727e-05 7.850688e-01	8.744608e-06 1.141965e-05 2.238678e-03
2.96875       	-5.034638e-06 -1.121452e-05 7.952809e-01	-1.380615e-05 -2.274987e-05 7.932925e-01	8.771510e-06 1.153535e-05 1.988439e-03
2.975         	-6.067026e-06 -1.187885e-05 8.033366e-01	-1.493863e-05 -2.360007e-05 8.015986e-01	8.871603e-06 1.172122e-05 1.737995e-03
2.98125       	-7.573803e-06 -1.064269e-05 8.115814e-01	-1.664410e-05 -2.247244e-05 8.100940e-01	9.070297e-06 1.182975e-05 1.487392e-03
2.9875        	-7.336484e-06 -1.189457e-05 8.199336e-01	-1.657096e-05 -2.384262e-05 8.186953e-01	9.234473e-06 1.194806e-05 1.238323e-03
2.99375       	-7.304476e-06 -1.166528e-05 8.284611e-01	-1.668026e-05 -2.375709e-05 8.274700e-01	9.375785e-06 1.209181e-05 9.911416e-04
3             	-8.292846e-06 -1.219965e-05 8.370089e-01	-1.779937e-05 -2.442083e-05 8.362625e-01	9.506522e-06 1.222118e-05 7.463626e-04
3.00625       	-8.661835e-06 -1.230833e-05 8.457249e-01	-1.829582e-05 -2.465477e-05 8.452210e-01	9.633981e-06 1.234644e-05 5.038673e-04
3.0125        	-9.207789e-06 -1.262254e-05 8.545125e-01	-1.895157e-05 -2.508195e-05 8.542496e-01	9.743780e-06 1.245941e-05 2.629199e-04
3.01875       	-9.702546e-06 -1.258116e-05 8.634941e-01	-1.952052e-05 -2.511595e-05 8.634705e-01	9.817971e-06 1.253479e-05 2.360483e-05
3.025         	-1.031143e-05 -1.303292e-05 8.724806e-01	-2.022261e-05 -2.567137e-05 8.726940e-01	9.911183e-06 1.263845e-05 -2.134355e-04
3.03125       	-1.094588e-05 -1.358561e-05 8.817408e-01	-2.102314e-05 -2.641891e-05 8.821892e-01	1.007726e-05 1.283329e-05 -4.484137e-04
3.0375        	-1.126369e-05 -1.376061e-05 8.910546e-01	-2.147717e-05 -2.673077e-05 8.917358e-01	1.021348e-05 1.297016e-05 -6.811677e-04
3.04375       	-1.210956e-05 -1.322610e-05 9.005925e-01	-2.241914e-05 -2.629818e-05 9.015035e-01	1.030959e-05 1.307208e-05 -9.110534e-04
3.05          	-1.219498e-05 -1.362967e-05 9.102087e-01	-2.260741e-05 -2.680416e-05 9.113461e-01	1.041244e-05 1.317449e-05 -1.137370e-03
3.05625       	-1.316836e-05 -1.379895e-05 9.200015e-01	-2.367630e-05 -2.707468e-05 9.213613e-01	1.050793e-05 1.327573e-05 -1.359793e-03
3.0625        	-1.392491e-05 -1.421850e-05 9.297365e-01	-2.451460e-05 -2.758531e-05 9.313148e-01	1.058970e-05 1.336681e-05 -1.578350e-03
3.06875       	-1.428350e-05 -1.415257e-05 9.397420e-01	-2.495516e-05 -2.761063e-05 9.415346e-01	1.067166e-05 1.345806e-05 -1.792589e-03
3.075         	-1.509308e-05 -1.458606e-05 9.497819e-01	-2.584587e-05 -2.813039e-05 9.517840e-01	1.075279e-05 1.354433e-05 -2.002109e-03
3.08125       	-1.564499e-05 -1.445445e-05 9.601034e-01	-2.646108e-05 -2.808005e-05 9.623101e-01	1.081610e-05 1.362560e-05 -2.206718e-03
3.0875        	-1.642543e-05 -1.450517e-05 9.705277e-01	-2.727528e-05 -2.818448e-05 9.729338e-01	1.084985e-05 1.367930e-05 -2.406035e-03
3.09375       	-1.722258e-05 -1.498000e-05 9.810644e-01	-2.808483e-05 -2.870808e-05 9.836640e-01	1.086225e-05 1.372808e-05 -2.599527e-03
3.1           	-1.786352e-05 -1.490157e-05 9.917678e-01	-2.877006e-05 -2.869323e-05 9.945549e-01	1.090653e-05 1.379166e-05 -2.787044e-03
3.10625       	-1.874203e-05 -1.491135e-05 1.002580e+00	-2.972114e-05 -2.877284e-05 1.005548e+00	1.097911e-05 1.386149e-05 -2.968226e-03
3.1125        	-1.945886e-05 -1.501474e-05 1.013536e+00	-3.049955e-05 -2.894054e-05 1.016678e+00	1.104069e-05 1.392581e-05 -3.142458e-03
3.11875       	-2.043227e-05 -1.566737e-05 1.024678e+00	-3.152590e-05 -2.964376e-05 1.027988e+00	1.109363e-05 1.397640e-05 -3.309730e-03
3.125         	-2.075277e-05 -1.514803e-05 1.035878e+00	-3.188001e-05 -2.917251e-05 1.039348e+00	1.112724e-05 1.402448e-05 -3.469969e-03
