# Moment      
# CofR        : (0.000000e+00 0.000000e+00 0.000000e+00)
#
# Time        	(total_x total_y total_z)	(pressure_x pressure_y pressure_z)	(viscous_x viscous_y viscous_z)
0.00625       	(-4.629415e-05 6.170046e-05 -3.824882e-08)	(-3.864273e-05 7.182848e-05 3.443653e-09)	(-7.651425e-06 -1.012802e-05 -4.169247e-08)
0.0125        	(-5.295188e-05 -3.951516e-05 -3.709517e-08)	(-4.375707e-05 -2.162433e-05 2.302091e-09)	(-9.194817e-06 -1.789082e-05 -3.939726e-08)
0.01875       	(-1.355942e-05 -3.369433e-05 -1.791319e-08)	(-1.097397e-05 -1.269278e-05 1.158161e-09)	(-2.585450e-06 -2.100156e-05 -1.907135e-08)
0.025         	(-1.196718e-05 -3.529957e-05 -8.112168e-09)	(-1.471538e-05 -1.468934e-05 7.139926e-10)	(2.748195e-06 -2.061023e-05 -8.826161e-09)
0.03125       	(-1.804691e-05 -1.656802e-05 -2.796339e-09)	(-2.285964e-05 2.467533e-06 6.252928e-10)	(4.812720e-06 -1.903555e-05 -3.421632e-09)
0.0375        	(-6.352577e-06 -2.329074e-05 6.733767e-10)	(-1.221116e-05 -5.613249e-06 6.592433e-10)	(5.858587e-06 -1.767749e-05 1.413342e-11)
0.04375       	(-8.033374e-06 -1.797201e-05 1.232578e-09)	(-1.428359e-05 -1.563119e-06 5.956125e-10)	(6.250217e-06 -1.640889e-05 6.369654e-10)
0.05          	(-8.139011e-06 -1.531459e-05 1.598679e-09)	(-1.438984e-05 -9.573648e-08 5.656161e-10)	(6.250832e-06 -1.521885e-05 1.033062e-09)
0.05625       	(-7.279317e-06 -1.439926e-05 2.515902e-09)	(-1.338115e-05 -2.283591e-07 5.474501e-10)	(6.101831e-06 -1.417090e-05 1.968451e-09)
0.0625        	(-6.709492e-06 -1.253357e-05 3.772392e-09)	(-1.265508e-05 7.731955e-07 5.223950e-10)	(5.945591e-06 -1.330677e-05 3.249997e-09)
0.06875       	(-6.654714e-06 -1.150418e-05 3.873333e-09)	(-1.241516e-05 1.032611e-06 5.008001e-10)	(5.760448e-06 -1.253679e-05 3.372533e-09)
0.075         	(-6.067654e-06 -1.075282e-05 4.295995e-09)	(-1.163680e-05 1.097988e-06 4.802551e-10)	(5.569141e-06 -1.185081e-05 3.815740e-09)
0.08125       	(-5.078972e-06 -1.021550e-05 5.263717e-09)	(-1.051955e-05 1.041887e-06 4.445331e-10)	(5.440578e-06 -1.125739e-05 4.819183e-09)
0.0875        	(-5.269489e-06 -9.975022e-06 5.940793e-09)	(-1.061064e-05 7.481454e-07 4.131935e-10)	(5.341152e-06 -1.072317e-05 5.527599e-09)
0.09375       	(-3.729816e-06 -1.024641e-05 6.818536e-09)	(-8.970928e-06 -9.287957e-09 3.900107e-10)	(5.241112e-06 -1.023712e-05 6.428526e-09)
0.1           	(-3.134578e-06 -1.003459e-05 7.300798e-09)	(-8.264618e-06 -2.534300e-07 3.659072e-10)	(5.130040e-06 -9.781160e-06 6.934891e-09)
0.10625       	(-1.347572e-06 -1.072055e-05 7.238082e-09)	(-6.356345e-06 -1.366427e-06 3.404650e-10)	(5.008772e-06 -9.354120e-06 6.897616e-09)
0.1125        	(-1.227490e-07 -1.092839e-05 7.359689e-09)	(-4.994328e-06 -1.982772e-06 3.200351e-10)	(4.871579e-06 -8.945621e-06 7.039654e-09)
0.11875       	(4.664847e-07 -1.124834e-05 7.744219e-09)	(-4.262298e-06 -2.692427e-06 2.981231e-10)	(4.728783e-06 -8.555908e-06 7.446096e-09)
0.125         	(1.349672e-06 -1.132517e-05 7.701024e-09)	(-3.232137e-06 -3.150328e-06 2.760070e-10)	(4.581809e-06 -8.174847e-06 7.425017e-09)
0.13125       	(2.300467e-06 -1.122763e-05 7.617881e-09)	(-2.130545e-06 -3.428405e-06 2.604171e-10)	(4.431011e-06 -7.799222e-06 7.357464e-09)
0.1375        	(2.869831e-06 -1.147232e-05 7.784667e-09)	(-1.408428e-06 -3.994951e-06 2.363078e-10)	(4.278259e-06 -7.477368e-06 7.548359e-09)
0.14375       	(3.375743e-06 -1.240159e-05 7.870276e-09)	(-7.336793e-07 -5.243853e-06 2.074918e-10)	(4.109422e-06 -7.157732e-06 7.662784e-09)
0.15          	(4.558654e-06 -1.314359e-05 7.581095e-09)	(6.158467e-07 -6.322276e-06 1.981013e-10)	(3.942808e-06 -6.821317e-06 7.382994e-09)
0.15625       	(4.379024e-06 -1.182472e-05 7.343502e-09)	(5.961353e-07 -5.300671e-06 1.694882e-10)	(3.782889e-06 -6.524048e-06 7.174013e-09)
0.1625        	(3.970547e-06 -1.264709e-05 7.206460e-09)	(3.453173e-07 -6.426849e-06 1.638405e-10)	(3.625230e-06 -6.220237e-06 7.042620e-09)
0.16875       	(4.285885e-06 -1.226021e-05 6.856482e-09)	(8.216380e-07 -6.299745e-06 1.486873e-10)	(3.464247e-06 -5.960460e-06 6.707795e-09)
0.175         	(5.156564e-06 -1.261273e-05 6.534650e-09)	(1.839608e-06 -6.879426e-06 1.135555e-10)	(3.316955e-06 -5.733305e-06 6.421094e-09)
0.18125       	(4.529754e-06 -1.142903e-05 6.408239e-09)	(1.373549e-06 -5.935956e-06 1.288851e-10)	(3.156205e-06 -5.493074e-06 6.279354e-09)
0.1875        	(4.255129e-06 -1.222502e-05 6.040433e-09)	(1.250161e-06 -6.975086e-06 1.005312e-10)	(3.004968e-06 -5.249933e-06 5.939902e-09)
0.19375       	(3.947977e-06 -1.200664e-05 5.664666e-09)	(1.086051e-06 -6.981686e-06 8.333806e-11)	(2.861926e-06 -5.024950e-06 5.581328e-09)
0.2           	(3.341426e-06 -1.167055e-05 5.366291e-09)	(6.878502e-07 -6.886153e-06 1.028694e-10)	(2.653575e-06 -4.784399e-06 5.263421e-09)
0.20625       	(3.570650e-06 -1.181481e-05 4.985917e-09)	(1.087176e-06 -7.251978e-06 7.366178e-11)	(2.483474e-06 -4.562828e-06 4.912255e-09)
0.2125        	(2.726729e-06 -1.125663e-05 4.635236e-09)	(3.935396e-07 -6.903909e-06 6.701104e-11)	(2.333189e-06 -4.352725e-06 4.568225e-09)
0.21875       	(2.239185e-06 -1.075543e-05 4.342987e-09)	(6.878409e-08 -6.609147e-06 6.310316e-11)	(2.170401e-06 -4.146285e-06 4.279884e-09)
0.225         	(1.715762e-06 -1.055937e-05 3.913141e-09)	(-2.906513e-07 -6.615793e-06 4.225188e-11)	(2.006413e-06 -3.943574e-06 3.870889e-09)
0.23125       	(1.358008e-06 -1.042398e-05 3.597514e-09)	(-4.940181e-07 -6.678853e-06 3.082861e-11)	(1.852026e-06 -3.745126e-06 3.566686e-09)
0.2375        	(8.787608e-07 -1.017083e-05 3.160724e-09)	(-8.334699e-07 -6.603282e-06 2.610460e-11)	(1.712231e-06 -3.567543e-06 3.134619e-09)
0.24375       	(-1.961259e-07 -9.563666e-06 2.705544e-09)	(-1.765873e-06 -6.162755e-06 1.578170e-11)	(1.569747e-06 -3.400911e-06 2.689762e-09)
0.25          	(-4.335534e-07 -9.348844e-06 2.320344e-09)	(-1.866933e-06 -6.103031e-06 6.813680e-12)	(1.433379e-06 -3.245813e-06 2.313530e-09)
0.25625       	(-1.459538e-06 -8.783955e-06 1.940712e-09)	(-2.764683e-06 -5.683141e-06 6.540535e-14)	(1.305145e-06 -3.100814e-06 1.940647e-09)
0.2625        	(-1.380016e-06 -8.999595e-06 1.531869e-09)	(-2.563580e-06 -6.031944e-06 -1.109615e-11)	(1.183564e-06 -2.967651e-06 1.542965e-09)
0.26875       	(-2.085474e-06 -8.298325e-06 1.232220e-09)	(-3.151219e-06 -5.457397e-06 -1.479824e-11)	(1.065745e-06 -2.840928e-06 1.247018e-09)
0.275         	(-2.772638e-06 -7.970374e-06 9.740967e-10)	(-3.723647e-06 -5.252890e-06 -2.368428e-11)	(9.510087e-07 -2.717485e-06 9.977809e-10)
0.28125       	(-3.249889e-06 -7.753528e-06 5.996210e-10)	(-4.092082e-06 -5.152528e-06 -3.266160e-11)	(8.421934e-07 -2.601000e-06 6.322826e-10)
0.2875        	(-4.052493e-06 -6.920115e-06 3.168440e-10)	(-4.791843e-06 -4.431304e-06 -3.909943e-11)	(7.393497e-07 -2.488810e-06 3.559434e-10)
0.29375       	(-4.102365e-06 -7.252664e-06 -1.518798e-10)	(-4.745176e-06 -4.865791e-06 -4.302933e-11)	(6.428108e-07 -2.386873e-06 -1.088505e-10)
0.3           	(-4.617876e-06 -6.840190e-06 -5.860076e-10)	(-5.163969e-06 -4.553032e-06 -5.545413e-11)	(5.460925e-07 -2.287158e-06 -5.305535e-10)
0.30625       	(-4.674081e-06 -6.420324e-06 -8.485509e-10)	(-5.122402e-06 -4.231433e-06 -5.843251e-11)	(4.483207e-07 -2.188891e-06 -7.901184e-10)
0.3125        	(-5.492535e-06 -5.522250e-06 -1.064813e-09)	(-5.846370e-06 -3.428031e-06 -6.063288e-11)	(3.538347e-07 -2.094218e-06 -1.004181e-09)
0.31875       	(-6.103423e-06 -5.577721e-06 -1.273494e-09)	(-6.367723e-06 -3.570543e-06 -6.442252e-11)	(2.642996e-07 -2.007179e-06 -1.209072e-09)
0.325         	(-5.928577e-06 -5.183024e-06 -1.448381e-09)	(-6.110695e-06 -3.253687e-06 -6.789617e-11)	(1.821173e-07 -1.929337e-06 -1.380485e-09)
0.33125       	(-6.152133e-06 -4.894744e-06 -1.647555e-09)	(-6.256601e-06 -3.040736e-06 -7.389956e-11)	(1.044682e-07 -1.854008e-06 -1.573655e-09)
0.3375        	(-6.133484e-06 -4.344515e-06 -1.794055e-09)	(-6.167950e-06 -2.560382e-06 -7.656632e-11)	(3.446568e-08 -1.784132e-06 -1.717488e-09)
0.34375       	(-6.859360e-06 -3.999531e-06 -1.891070e-09)	(-6.831238e-06 -2.278622e-06 -7.904235e-11)	(-2.812246e-08 -1.720909e-06 -1.812028e-09)
0.35          	(-7.079169e-06 -4.061668e-06 -2.057396e-09)	(-6.997617e-06 -2.399554e-06 -8.198538e-11)	(-8.155110e-08 -1.662115e-06 -1.975411e-09)
0.35625       	(-6.538876e-06 -3.484980e-06 -2.311259e-09)	(-6.403218e-06 -1.881638e-06 -8.346006e-11)	(-1.356581e-07 -1.603341e-06 -2.227799e-09)
0.3625        	(-6.892753e-06 -3.225378e-06 -2.467158e-09)	(-6.698676e-06 -1.682998e-06 -8.395541e-11)	(-1.940762e-07 -1.542380e-06 -2.383203e-09)
0.36875       	(-6.805465e-06 -2.916604e-06 -2.599340e-09)	(-6.560450e-06 -1.431086e-06 -8.550212e-11)	(-2.450158e-07 -1.485518e-06 -2.513838e-09)
0.375         	(-7.179192e-06 -2.503453e-06 -2.737461e-09)	(-6.886960e-06 -1.071801e-06 -8.508263e-11)	(-2.922319e-07 -1.431652e-06 -2.652378e-09)
0.38125       	(-6.533804e-06 -2.317504e-06 -2.852915e-09)	(-6.196068e-06 -9.380908e-07 -8.591662e-11)	(-3.377361e-07 -1.379413e-06 -2.766998e-09)
0.3875        	(-6.574157e-06 -2.263981e-06 -2.930568e-09)	(-6.195522e-06 -9.351467e-07 -8.577067e-11)	(-3.786352e-07 -1.328834e-06 -2.844798e-09)
0.39375       	(-6.519903e-06 -1.777078e-06 -2.955204e-09)	(-6.102748e-06 -4.964805e-07 -8.766673e-11)	(-4.171553e-07 -1.280597e-06 -2.867537e-09)
0.4           	(-6.085077e-06 -1.545410e-06 -2.987187e-09)	(-5.632339e-06 -3.117811e-07 -8.670402e-11)	(-4.527379e-07 -1.233629e-06 -2.900483e-09)
0.40625       	(-5.980005e-06 -1.346864e-06 -3.032193e-09)	(-5.494368e-06 -1.595055e-07 -8.667233e-11)	(-4.856372e-07 -1.187358e-06 -2.945520e-09)
0.4125        	(-5.591384e-06 -1.031613e-06 -3.061977e-09)	(-5.079082e-06 1.108783e-07 -8.567392e-11)	(-5.123022e-07 -1.142491e-06 -2.976304e-09)
0.41875       	(-6.007499e-06 -8.785915e-07 -3.069152e-09)	(-5.471732e-06 2.202743e-07 -8.641792e-11)	(-5.357668e-07 -1.098866e-06 -2.982735e-09)
0.425         	(-5.368365e-06 -7.610829e-07 -3.056224e-09)	(-4.811197e-06 2.983408e-07 -8.637438e-11)	(-5.571677e-07 -1.059424e-06 -2.969850e-09)
0.43125       	(-5.048858e-06 -6.405252e-07 -3.101657e-09)	(-4.474619e-06 3.828656e-07 -8.855663e-11)	(-5.742392e-07 -1.023391e-06 -3.013100e-09)
0.4375        	(-4.541593e-06 -2.781825e-07 -3.127163e-09)	(-3.957462e-06 7.069186e-07 -8.873800e-11)	(-5.841313e-07 -9.851011e-07 -3.038425e-09)
0.44375       	(-4.758406e-06 1.113438e-09 -3.107963e-09)	(-4.164116e-06 9.498644e-07 -9.039036e-11)	(-5.942899e-07 -9.487509e-07 -3.017572e-09)
0.45          	(-3.923644e-06 3.775788e-08 -3.103176e-09)	(-3.321859e-06 9.519253e-07 -9.318630e-11)	(-6.017852e-07 -9.141674e-07 -3.009990e-09)
0.45625       	(-4.061706e-06 3.196191e-07 -3.082428e-09)	(-3.455357e-06 1.199737e-06 -9.832751e-11)	(-6.063488e-07 -8.801174e-07 -2.984101e-09)
0.4625        	(-3.103506e-06 4.016084e-07 -3.087950e-09)	(-2.499071e-06 1.250159e-06 -1.064096e-10)	(-6.044354e-07 -8.485510e-07 -2.981541e-09)
0.46875       	(-3.107898e-06 6.403677e-07 -3.036913e-09)	(-2.506824e-06 1.460035e-06 -9.753385e-11)	(-6.010744e-07 -8.196675e-07 -2.939379e-09)
0.475         	(-2.771355e-06 7.187772e-07 -2.915046e-09)	(-2.175979e-06 1.513441e-06 -5.470624e-11)	(-5.953752e-07 -7.946641e-07 -2.860339e-09)
0.48125       	(-2.599855e-06 1.075765e-06 -2.858002e-09)	(-2.006928e-06 1.840818e-06 -6.657029e-11)	(-5.929279e-07 -7.650530e-07 -2.791432e-09)
0.4875        	(-1.958942e-06 7.217823e-07 -2.793971e-09)	(-1.372670e-06 1.460944e-06 -6.423344e-11)	(-5.862711e-07 -7.391616e-07 -2.729737e-09)
0.49375       	(-1.401853e-06 9.033803e-07 -2.718419e-09)	(-8.280039e-07 1.619005e-06 -4.406803e-11)	(-5.738488e-07 -7.156252e-07 -2.674351e-09)
0.5           	(-8.169916e-07 5.442727e-07 -2.643412e-09)	(-2.623389e-07 1.244091e-06 -1.785030e-11)	(-5.546527e-07 -6.998183e-07 -2.625562e-09)
0.50625       	(-1.577319e-06 1.496820e-06 -2.639508e-09)	(-1.024280e-06 2.165251e-06 -5.369921e-11)	(-5.530383e-07 -6.684305e-07 -2.585808e-09)
0.5125        	(-7.504524e-07 1.295151e-06 -2.577018e-09)	(-2.041390e-07 1.931648e-06 -5.132537e-11)	(-5.463134e-07 -6.364967e-07 -2.525693e-09)
0.51875       	(-7.034548e-07 1.405734e-06 -2.490855e-09)	(-1.669017e-07 2.012636e-06 -5.240071e-11)	(-5.365531e-07 -6.069015e-07 -2.438454e-09)
0.525         	(-7.101088e-07 1.636326e-06 -2.441279e-09)	(-1.827250e-07 2.214174e-06 -5.253389e-11)	(-5.273838e-07 -5.778478e-07 -2.388745e-09)
0.53125       	(6.820061e-08 1.844673e-06 -2.362565e-09)	(5.824504e-07 2.395122e-06 -5.269892e-11)	(-5.142498e-07 -5.504484e-07 -2.309866e-09)
0.5375        	(2.671641e-07 1.826078e-06 -2.274510e-09)	(7.682211e-07 2.351045e-06 -5.257414e-11)	(-5.010571e-07 -5.249670e-07 -2.221935e-09)
0.54375       	(3.579699e-07 1.720971e-06 -2.205433e-09)	(8.455514e-07 2.222278e-06 -5.309494e-11)	(-4.875815e-07 -5.013068e-07 -2.152338e-09)
0.55          	(7.214665e-07 2.035007e-06 -2.174479e-09)	(1.196630e-06 2.511710e-06 -5.479595e-11)	(-4.751634e-07 -4.767035e-07 -2.119683e-09)
0.55625       	(6.707994e-07 1.927971e-06 -2.152917e-09)	(1.134302e-06 2.381094e-06 -5.744453e-11)	(-4.635029e-07 -4.531230e-07 -2.095473e-09)
0.5625        	(5.915301e-07 2.365996e-06 -2.077151e-09)	(1.045905e-06 2.791962e-06 -5.018491e-11)	(-4.543744e-07 -4.259657e-07 -2.026966e-09)
0.56875       	(1.701354e-06 1.857771e-06 -1.999924e-09)	(2.134595e-06 2.261398e-06 -4.095201e-11)	(-4.332408e-07 -4.036271e-07 -1.958972e-09)
0.575         	(1.853159e-06 1.927935e-06 -1.930918e-09)	(2.259644e-06 2.315125e-06 -4.322228e-11)	(-4.064843e-07 -3.871892e-07 -1.887696e-09)
0.58125       	(1.745333e-06 2.364058e-06 -1.883746e-09)	(2.134977e-06 2.728505e-06 -5.230681e-11)	(-3.896444e-07 -3.644471e-07 -1.831439e-09)
0.5875        	(2.145536e-06 2.192126e-06 -1.830676e-09)	(2.521387e-06 2.532020e-06 -4.588832e-11)	(-3.758505e-07 -3.398942e-07 -1.784788e-09)
0.59375       	(1.759696e-06 2.207569e-06 -1.776349e-09)	(2.120202e-06 2.525515e-06 -4.654105e-11)	(-3.605066e-07 -3.179460e-07 -1.729808e-09)
0.6           	(2.205577e-06 2.202195e-06 -1.754525e-09)	(2.549324e-06 2.499339e-06 -4.628328e-11)	(-3.437471e-07 -2.971441e-07 -1.708241e-09)
0.60625       	(2.153634e-06 2.334933e-06 -1.736011e-09)	(2.482177e-06 2.614006e-06 -4.564271e-11)	(-3.285431e-07 -2.790730e-07 -1.690368e-09)
0.6125        	(2.674436e-06 2.405552e-06 -1.699645e-09)	(2.988166e-06 2.664683e-06 -4.528886e-11)	(-3.137299e-07 -2.591301e-07 -1.654356e-09)
0.61875       	(2.540846e-06 2.496557e-06 -1.662965e-09)	(2.839523e-06 2.735744e-06 -4.588893e-11)	(-2.986768e-07 -2.391868e-07 -1.617076e-09)
0.625         	(2.843989e-06 2.554344e-06 -1.613010e-09)	(3.127572e-06 2.775446e-06 -4.599637e-11)	(-2.835826e-07 -2.211018e-07 -1.567013e-09)
0.63125       	(2.777738e-06 2.328766e-06 -1.541112e-09)	(3.046163e-06 2.534241e-06 -4.615013e-11)	(-2.684245e-07 -2.054756e-07 -1.494962e-09)
0.6375        	(2.899581e-06 2.253848e-06 -1.492361e-09)	(3.154854e-06 2.445792e-06 -4.631291e-11)	(-2.552732e-07 -1.919448e-07 -1.446048e-09)
0.64375       	(3.276308e-06 2.436455e-06 -1.439598e-09)	(3.514469e-06 2.612264e-06 -4.548413e-11)	(-2.381618e-07 -1.758083e-07 -1.394114e-09)
0.65          	(3.098021e-06 2.480629e-06 -1.416041e-09)	(3.321077e-06 2.643037e-06 -4.552446e-11)	(-2.230563e-07 -1.624080e-07 -1.370517e-09)
0.65625       	(3.068895e-06 2.244422e-06 -1.399261e-09)	(3.279138e-06 2.397596e-06 -4.658288e-11)	(-2.102430e-07 -1.531739e-07 -1.352678e-09)
0.6625        	(3.431603e-06 2.467850e-06 -1.371886e-09)	(3.626352e-06 2.609319e-06 -4.665787e-11)	(-1.947499e-07 -1.414697e-07 -1.325229e-09)
0.66875       	(3.254996e-06 2.382517e-06 -1.367629e-09)	(3.436860e-06 2.511910e-06 -4.961621e-11)	(-1.818635e-07 -1.293928e-07 -1.318013e-09)
0.675         	(3.337603e-06 2.338968e-06 -1.379534e-09)	(3.509757e-06 2.456837e-06 -5.888128e-11)	(-1.721542e-07 -1.178690e-07 -1.320653e-09)
0.68125       	(3.398662e-06 2.498890e-06 -1.372859e-09)	(3.563942e-06 2.602151e-06 -5.719836e-11)	(-1.652793e-07 -1.032614e-07 -1.315660e-09)
0.6875        	(3.204638e-06 2.538953e-06 -1.352142e-09)	(3.365144e-06 2.627163e-06 -4.056203e-11)	(-1.605065e-07 -8.821046e-08 -1.311580e-09)
0.69375       	(3.216398e-06 2.482106e-06 -1.312289e-09)	(3.371232e-06 2.557920e-06 -2.784470e-11)	(-1.548335e-07 -7.581465e-08 -1.284444e-09)
0.7           	(3.451100e-06 2.419328e-06 -1.267801e-09)	(3.597538e-06 2.484901e-06 -2.178884e-11)	(-1.464381e-07 -6.557292e-08 -1.246012e-09)
0.70625       	(3.199446e-06 2.490847e-06 -1.239376e-09)	(3.338532e-06 2.546966e-06 -2.818449e-11)	(-1.390864e-07 -5.611942e-08 -1.211191e-09)
0.7125        	(3.606139e-06 2.177260e-06 -1.204907e-09)	(3.733385e-06 2.228742e-06 -2.726765e-11)	(-1.272463e-07 -5.148206e-08 -1.177640e-09)
0.71875       	(3.645016e-06 2.294610e-06 -1.179278e-09)	(3.758582e-06 2.341612e-06 -2.707727e-11)	(-1.135652e-07 -4.700197e-08 -1.152200e-09)
0.725         	(3.208038e-06 2.404390e-06 -1.166541e-09)	(3.316654e-06 2.441066e-06 -2.728649e-11)	(-1.086161e-07 -3.667663e-08 -1.139254e-09)
0.73125       	(3.575194e-06 2.213227e-06 -1.145297e-09)	(3.681400e-06 2.240505e-06 -8.059597e-12)	(-1.062064e-07 -2.727767e-08 -1.137237e-09)
0.7375        	(3.631674e-06 2.074894e-06 -1.133975e-09)	(3.729924e-06 2.097603e-06 8.725274e-12)	(-9.824989e-08 -2.270818e-08 -1.142701e-09)
0.74375       	(3.352169e-06 2.172888e-06 -1.131865e-09)	(3.438998e-06 2.191726e-06 -5.684442e-12)	(-8.682866e-08 -1.883780e-08 -1.126180e-09)
0.75          	(3.846697e-06 1.956700e-06 -1.130086e-09)	(3.918714e-06 1.976398e-06 -2.474442e-11)	(-7.201712e-08 -1.969725e-08 -1.105341e-09)
0.75625       	(3.224717e-06 2.030447e-06 -1.137827e-09)	(3.287841e-06 2.048009e-06 -2.308317e-11)	(-6.312405e-08 -1.756215e-08 -1.114744e-09)
0.7625        	(3.458495e-06 2.232883e-06 -1.146004e-09)	(3.517292e-06 2.242517e-06 -1.517914e-11)	(-5.879641e-08 -9.633690e-09 -1.130825e-09)
0.76875       	(3.134965e-06 2.066498e-06 -1.148366e-09)	(3.187797e-06 2.070984e-06 -1.333733e-11)	(-5.283128e-08 -4.485960e-09 -1.135029e-09)
0.775         	(3.338085e-06 1.889115e-06 -1.158514e-09)	(3.387134e-06 1.890298e-06 -2.581518e-11)	(-4.904933e-08 -1.182790e-09 -1.132698e-09)
0.78125       	(3.662658e-06 1.848315e-06 -1.153078e-09)	(3.703537e-06 1.847817e-06 -2.730602e-11)	(-4.087936e-08 4.983878e-10 -1.125772e-09)
0.7875        	(3.384126e-06 1.765979e-06 -1.157687e-09)	(3.417771e-06 1.764949e-06 -2.717019e-11)	(-3.364566e-08 1.029439e-09 -1.130517e-09)
0.79375       	(3.453402e-06 1.685025e-06 -1.176042e-09)	(3.481703e-06 1.682599e-06 -2.832771e-11)	(-2.830161e-08 2.426147e-09 -1.147714e-09)
0.8           	(3.368788e-06 1.697277e-06 -1.198252e-09)	(3.392168e-06 1.692562e-06 -2.759189e-11)	(-2.337936e-08 4.714991e-09 -1.170661e-09)
0.80625       	(3.528843e-06 1.611971e-06 -1.221692e-09)	(3.547244e-06 1.603613e-06 -2.843252e-11)	(-1.840057e-08 8.357369e-09 -1.193259e-09)
0.8125        	(3.217427e-06 1.642705e-06 -1.236607e-09)	(3.233767e-06 1.631752e-06 -3.025021e-11)	(-1.633972e-08 1.095304e-08 -1.206357e-09)
0.81875       	(3.355091e-06 1.507862e-06 -1.239754e-09)	(3.369781e-06 1.495008e-06 -3.089202e-11)	(-1.469081e-08 1.285355e-08 -1.208862e-09)
0.825         	(3.251719e-06 1.506679e-06 -1.254250e-09)	(3.264347e-06 1.491590e-06 -3.553536e-11)	(-1.262803e-08 1.508956e-08 -1.218715e-09)
0.83125       	(3.267193e-06 1.428496e-06 -1.235577e-09)	(3.277402e-06 1.411003e-06 -3.125823e-11)	(-1.020884e-08 1.749315e-08 -1.204319e-09)
0.8375        	(3.319333e-06 1.427696e-06 -1.218171e-09)	(3.325893e-06 1.406517e-06 -2.580330e-11)	(-6.559902e-09 2.117880e-08 -1.192368e-09)
0.84375       	(3.164450e-06 1.329600e-06 -1.247549e-09)	(3.167418e-06 1.305139e-06 -2.969519e-11)	(-2.968280e-09 2.446110e-08 -1.217854e-09)
0.85          	(3.112020e-06 1.302725e-06 -1.277894e-09)	(3.112535e-06 1.276526e-06 -3.107425e-11)	(-5.149056e-10 2.619938e-08 -1.246820e-09)
0.85625       	(3.184205e-06 1.211751e-06 -1.320321e-09)	(3.182135e-06 1.185085e-06 -3.162051e-11)	(2.069375e-09 2.666603e-08 -1.288700e-09)
0.8625        	(3.082937e-06 1.165737e-06 -1.346886e-09)	(3.079133e-06 1.135833e-06 -3.340582e-11)	(3.803805e-09 2.990392e-08 -1.313480e-09)
0.86875       	(3.250535e-06 1.005494e-06 -1.354178e-09)	(3.244797e-06 9.738558e-07 -3.465872e-11)	(5.738243e-09 3.163796e-08 -1.319519e-09)
0.875         	(3.063643e-06 1.053554e-06 -1.351607e-09)	(3.056065e-06 1.021893e-06 -3.220484e-11)	(7.578520e-09 3.166054e-08 -1.319403e-09)
0.88125       	(3.355305e-06 8.675177e-07 -1.343831e-09)	(3.344542e-06 8.372276e-07 -3.379661e-11)	(1.076336e-08 3.029017e-08 -1.310035e-09)
0.8875        	(3.353559e-06 7.183887e-07 -1.353926e-09)	(3.338895e-06 6.910745e-07 -3.546901e-11)	(1.466432e-08 2.731419e-08 -1.318457e-09)
0.89375       	(2.983078e-06 8.754283e-07 -1.366336e-09)	(2.968043e-06 8.472436e-07 -3.636211e-11)	(1.503482e-08 2.818470e-08 -1.329973e-09)
0.9           	(3.442402e-06 6.692231e-07 -1.362529e-09)	(3.427523e-06 6.396529e-07 -2.852793e-11)	(1.487927e-08 2.957017e-08 -1.334001e-09)
0.90625       	(2.831051e-06 9.616492e-07 -1.340956e-09)	(2.819297e-06 9.294484e-07 -2.844596e-11)	(1.175410e-08 3.220081e-08 -1.312510e-09)
0.9125        	(2.637495e-06 1.119850e-06 -1.343385e-09)	(2.636555e-06 1.076701e-06 -2.483207e-11)	(9.404101e-10 4.314948e-08 -1.318553e-09)
0.91875       	(2.861641e-06 8.093110e-07 -1.418122e-09)	(2.871373e-06 7.562479e-07 -3.008376e-11)	(-9.732194e-09 5.306308e-08 -1.388039e-09)
0.925         	(2.712249e-06 9.324227e-07 -1.439960e-09)	(2.727082e-06 8.716103e-07 -3.010868e-11)	(-1.483317e-08 6.081240e-08 -1.409851e-09)
0.93125       	(2.553046e-06 1.022597e-06 -1.367819e-09)	(2.572210e-06 9.550718e-07 -2.216272e-11)	(-1.916351e-08 6.752532e-08 -1.345656e-09)
0.9375        	(2.327545e-06 1.099451e-06 -1.351940e-09)	(2.354094e-06 1.025075e-06 -2.135010e-11)	(-2.654841e-08 7.437647e-08 -1.330590e-09)
0.94375       	(2.554913e-06 1.004818e-06 -1.373173e-09)	(2.584460e-06 9.250557e-07 -2.271191e-11)	(-2.954615e-08 7.976237e-08 -1.350461e-09)
0.95          	(2.665447e-06 6.264188e-07 -1.365421e-09)	(2.691234e-06 5.481474e-07 -2.980272e-11)	(-2.578694e-08 7.827141e-08 -1.335618e-09)
0.95625       	(2.699928e-06 7.028695e-07 -1.393438e-09)	(2.724159e-06 6.261238e-07 -2.590062e-11)	(-2.423124e-08 7.674571e-08 -1.367537e-09)
0.9625        	(2.494308e-06 7.955187e-07 -1.438159e-09)	(2.519901e-06 7.157078e-07 -2.689994e-11)	(-2.559319e-08 7.981088e-08 -1.411259e-09)
0.96875       	(2.804908e-06 4.514424e-07 -1.419573e-09)	(2.827689e-06 3.721147e-07 -2.842687e-11)	(-2.278122e-08 7.932772e-08 -1.391146e-09)
0.975         	(2.766796e-06 4.925209e-07 -1.369297e-09)	(2.787427e-06 4.137327e-07 -2.849075e-11)	(-2.063062e-08 7.878825e-08 -1.340806e-09)
0.98125       	(2.811440e-06 4.309326e-07 -1.341481e-09)	(2.831810e-06 3.511647e-07 -2.983329e-11)	(-2.036915e-08 7.976788e-08 -1.311648e-09)
0.9875        	(2.815370e-06 4.301304e-07 -1.341771e-09)	(2.835261e-06 3.483064e-07 -3.113658e-11)	(-1.989120e-08 8.182396e-08 -1.310635e-09)
0.99375       	(2.642884e-06 4.480753e-07 -1.376098e-09)	(2.665555e-06 3.621899e-07 -2.863217e-11)	(-2.267131e-08 8.588539e-08 -1.347466e-09)
1             	(2.491864e-06 6.862327e-07 -1.376752e-09)	(2.520759e-06 5.918986e-07 -2.497631e-11)	(-2.889458e-08 9.433412e-08 -1.351776e-09)
1.00625       	(2.263239e-06 8.840886e-07 -1.362063e-09)	(2.302181e-06 7.779894e-07 -2.157939e-11)	(-3.894228e-08 1.060992e-07 -1.340484e-09)
1.0125        	(2.130694e-06 1.023525e-06 -1.349718e-09)	(2.178073e-06 9.072331e-07 -5.496070e-12)	(-4.737913e-08 1.162921e-07 -1.344222e-09)
1.01875       	(2.101296e-06 9.304176e-07 -1.346128e-09)	(2.153089e-06 8.086648e-07 -9.259876e-12)	(-5.179332e-08 1.217529e-07 -1.336868e-09)
1.025         	(2.180521e-06 8.224694e-07 -1.336186e-09)	(2.231514e-06 7.001767e-07 2.915009e-12)	(-5.099283e-08 1.222927e-07 -1.339101e-09)
1.03125       	(2.045306e-06 8.460758e-07 -1.352484e-09)	(2.095394e-06 7.233077e-07 -2.566602e-12)	(-5.008762e-08 1.227681e-07 -1.349917e-09)
1.0375        	(2.121620e-06 8.959741e-07 -1.355598e-09)	(2.171338e-06 7.714371e-07 -1.115740e-12)	(-4.971809e-08 1.245370e-07 -1.354482e-09)
1.04375       	(1.901358e-06 9.411793e-07 -1.359937e-09)	(1.951586e-06 8.143817e-07 -6.594344e-13)	(-5.022797e-08 1.267976e-07 -1.359277e-09)
1.05          	(2.057626e-06 8.722351e-07 -1.373645e-09)	(2.107156e-06 7.441460e-07 -2.180344e-12)	(-4.953084e-08 1.280892e-07 -1.371464e-09)
1.05625       	(2.054233e-06 7.149992e-07 -1.384903e-09)	(2.101560e-06 5.875555e-07 -5.469150e-13)	(-4.732722e-08 1.274437e-07 -1.384356e-09)
1.0625        	(2.055691e-06 8.187133e-07 -1.396843e-09)	(2.101247e-06 6.910237e-07 7.729924e-13)	(-4.555662e-08 1.276896e-07 -1.397616e-09)
1.06875       	(2.044652e-06 7.050489e-07 -1.412527e-09)	(2.089035e-06 5.765490e-07 1.017555e-12)	(-4.438305e-08 1.284999e-07 -1.413544e-09)
1.075         	(2.040343e-06 7.870699e-07 -1.417169e-09)	(2.084308e-06 6.568185e-07 1.745115e-12)	(-4.396451e-08 1.302514e-07 -1.418914e-09)
1.08125       	(2.071735e-06 7.269821e-07 -1.415735e-09)	(2.115117e-06 5.945284e-07 1.884890e-12)	(-4.338198e-08 1.324537e-07 -1.417620e-09)
1.0875        	(1.966528e-06 7.843055e-07 -1.412644e-09)	(2.009746e-06 6.491687e-07 1.755273e-12)	(-4.321820e-08 1.351368e-07 -1.414400e-09)
1.09375       	(2.020885e-06 7.114183e-07 -1.406098e-09)	(2.064206e-06 5.732284e-07 2.948099e-12)	(-4.332158e-08 1.381899e-07 -1.409046e-09)
1.1           	(2.013841e-06 7.720926e-07 -1.402373e-09)	(2.057150e-06 6.311435e-07 3.190681e-12)	(-4.330882e-08 1.409491e-07 -1.405564e-09)
1.10625       	(2.045654e-06 6.528707e-07 -1.400574e-09)	(2.088968e-06 5.095680e-07 4.415921e-12)	(-4.331322e-08 1.433027e-07 -1.404990e-09)
1.1125        	(1.946863e-06 7.271121e-07 -1.405101e-09)	(1.990424e-06 5.806440e-07 4.842543e-12)	(-4.356130e-08 1.464681e-07 -1.409944e-09)
1.11875       	(1.937957e-06 7.200216e-07 -1.416432e-09)	(1.981801e-06 5.704278e-07 5.512740e-12)	(-4.384330e-08 1.495939e-07 -1.421945e-09)
1.125         	(2.079976e-06 6.966517e-07 -1.435236e-09)	(2.123679e-06 5.443185e-07 6.617748e-12)	(-4.370286e-08 1.523332e-07 -1.441854e-09)
1.13125       	(1.941896e-06 6.943845e-07 -1.447206e-09)	(1.985266e-06 5.394516e-07 7.311482e-12)	(-4.336964e-08 1.549330e-07 -1.454517e-09)
1.1375        	(1.891235e-06 6.897384e-07 -1.452248e-09)	(1.934457e-06 5.319279e-07 7.873162e-12)	(-4.322207e-08 1.578105e-07 -1.460121e-09)
1.14375       	(2.000726e-06 6.744568e-07 -1.457459e-09)	(2.043102e-06 5.147376e-07 8.279471e-12)	(-4.237682e-08 1.597192e-07 -1.465738e-09)
1.15          	(1.894246e-06 7.189720e-07 -1.458993e-09)	(1.934979e-06 5.581245e-07 8.874590e-12)	(-4.073357e-08 1.608475e-07 -1.467868e-09)
1.15625       	(1.820239e-06 7.372115e-07 -1.456656e-09)	(1.859435e-06 5.756044e-07 9.368880e-12)	(-3.919590e-08 1.616070e-07 -1.466025e-09)
1.1625        	(1.825662e-06 7.459536e-07 -1.450298e-09)	(1.863381e-06 5.833865e-07 1.015759e-11)	(-3.771844e-08 1.625672e-07 -1.460456e-09)
1.16875       	(1.931841e-06 6.951850e-07 -1.447182e-09)	(1.967435e-06 5.312711e-07 1.115193e-11)	(-3.559347e-08 1.639139e-07 -1.458334e-09)
1.175         	(1.858332e-06 7.825747e-07 -1.448266e-09)	(1.892267e-06 6.173756e-07 1.220724e-11)	(-3.393531e-08 1.651991e-07 -1.460473e-09)
1.18125       	(1.820928e-06 7.463815e-07 -1.453795e-09)	(1.853644e-06 5.796735e-07 1.339686e-11)	(-3.271648e-08 1.667080e-07 -1.467192e-09)
1.1875        	(1.766220e-06 6.935545e-07 -1.460593e-09)	(1.798064e-06 5.251825e-07 1.427881e-11)	(-3.184376e-08 1.683720e-07 -1.474872e-09)
1.19375       	(1.878053e-06 7.576515e-07 -1.473320e-09)	(1.908796e-06 5.872282e-07 1.543141e-11)	(-3.074296e-08 1.704233e-07 -1.488751e-09)
1.2           	(1.791582e-06 7.126936e-07 -1.491540e-09)	(1.821465e-06 5.399338e-07 1.662138e-11)	(-2.988344e-08 1.727598e-07 -1.508162e-09)
1.20625       	(1.840411e-06 7.753914e-07 -1.505384e-09)	(1.869338e-06 6.001156e-07 1.754722e-11)	(-2.892684e-08 1.752757e-07 -1.522931e-09)
1.2125        	(1.771398e-06 7.618509e-07 -1.514741e-09)	(1.799674e-06 5.839937e-07 1.833627e-11)	(-2.827668e-08 1.778572e-07 -1.533077e-09)
1.21875       	(1.932520e-06 7.663834e-07 -1.516529e-09)	(1.959763e-06 5.859965e-07 1.903379e-11)	(-2.724301e-08 1.803869e-07 -1.535563e-09)
1.225         	(1.883183e-06 7.025270e-07 -1.514648e-09)	(1.909458e-06 5.198765e-07 1.968431e-11)	(-2.627542e-08 1.826504e-07 -1.534333e-09)
1.23125       	(1.549436e-06 8.271220e-07 -1.511023e-09)	(1.576387e-06 6.416769e-07 2.020429e-11)	(-2.695099e-08 1.854450e-07 -1.531227e-09)
1.2375        	(1.767512e-06 7.635865e-07 -1.507021e-09)	(1.794326e-06 5.755586e-07 2.139668e-11)	(-2.681442e-08 1.880279e-07 -1.528418e-09)
1.24375       	(1.820556e-06 8.195749e-07 -1.506758e-09)	(1.846194e-06 6.290202e-07 2.251209e-11)	(-2.563801e-08 1.905548e-07 -1.529270e-09)
1.25          	(1.586339e-06 7.776387e-07 -1.511099e-09)	(1.611867e-06 5.847903e-07 2.364076e-11)	(-2.552832e-08 1.928484e-07 -1.534739e-09)
1.25625       	(1.786698e-06 7.702617e-07 -1.522814e-09)	(1.811389e-06 5.751471e-07 2.477225e-11)	(-2.469138e-08 1.951145e-07 -1.547587e-09)
1.2625        	(1.776181e-06 8.015206e-07 -1.537100e-09)	(1.799646e-06 6.039276e-07 2.607606e-11)	(-2.346471e-08 1.975930e-07 -1.563176e-09)
1.26875       	(1.837815e-06 7.412312e-07 -1.552362e-09)	(1.859621e-06 5.420299e-07 2.752920e-11)	(-2.180609e-08 1.992013e-07 -1.579891e-09)
1.275         	(1.549172e-06 1.058283e-06 -1.557465e-09)	(1.572439e-06 8.540233e-07 3.156251e-11)	(-2.326791e-08 2.042599e-07 -1.589028e-09)
1.28125       	(1.514034e-06 9.336972e-07 -1.557972e-09)	(1.538190e-06 7.252594e-07 3.714532e-11)	(-2.415665e-08 2.084378e-07 -1.595117e-09)
1.2875        	(9.228260e-07 1.373519e-06 -1.560257e-09)	(9.548264e-07 1.158346e-06 3.656592e-11)	(-3.200040e-08 2.151737e-07 -1.596823e-09)
1.29375       	(1.303212e-06 1.271159e-06 -1.555287e-09)	(1.334922e-06 1.053832e-06 5.005480e-11)	(-3.171016e-08 2.173275e-07 -1.605342e-09)
1.3           	(1.117773e-06 1.293581e-06 -1.579049e-09)	(1.145634e-06 1.077141e-06 3.199111e-11)	(-2.786041e-08 2.164404e-07 -1.611040e-09)
1.30625       	(1.108347e-06 1.249860e-06 -1.552430e-09)	(1.132511e-06 1.035834e-06 6.770733e-11)	(-2.416409e-08 2.140259e-07 -1.620138e-09)
1.3125        	(1.222975e-06 1.227354e-06 -1.587600e-09)	(1.241125e-06 1.017021e-06 4.104557e-11)	(-1.815032e-08 2.103334e-07 -1.628645e-09)
1.31875       	(1.113103e-06 1.272172e-06 -1.585550e-09)	(1.127371e-06 1.063237e-06 5.110486e-11)	(-1.426837e-08 2.089348e-07 -1.636655e-09)
1.325         	(1.251199e-06 1.148963e-06 -1.592208e-09)	(1.259913e-06 9.432630e-07 4.841480e-11)	(-8.714071e-09 2.057002e-07 -1.640623e-09)
1.33125       	(1.187334e-06 1.162283e-06 -1.596506e-09)	(1.192094e-06 9.582602e-07 4.988489e-11)	(-4.760164e-09 2.040227e-07 -1.646391e-09)
1.3375        	(1.041551e-06 1.202643e-06 -1.603168e-09)	(1.044354e-06 9.987742e-07 5.041800e-11)	(-2.803513e-09 2.038687e-07 -1.653586e-09)
1.34375       	(1.263765e-06 1.162002e-06 -1.608754e-09)	(1.263778e-06 9.582368e-07 5.096113e-11)	(-1.354752e-11 2.037651e-07 -1.659715e-09)
1.35          	(1.142836e-06 1.221931e-06 -1.611981e-09)	(1.140788e-06 1.017727e-06 5.154572e-11)	(2.047910e-09 2.042042e-07 -1.663526e-09)
1.35625       	(1.132208e-06 1.135069e-06 -1.615307e-09)	(1.128753e-06 9.305737e-07 5.191416e-11)	(3.455535e-09 2.044949e-07 -1.667222e-09)
1.3625        	(1.134873e-06 1.184658e-06 -1.620664e-09)	(1.130099e-06 9.794843e-07 5.289336e-11)	(4.773577e-09 2.051737e-07 -1.673558e-09)
1.36875       	(1.083821e-06 1.191233e-06 -1.632271e-09)	(1.078098e-06 9.848994e-07 5.363066e-11)	(5.723353e-09 2.063332e-07 -1.685902e-09)
1.375         	(1.199328e-06 1.195277e-06 -1.639575e-09)	(1.192454e-06 9.877805e-07 5.434185e-11)	(6.874648e-09 2.074962e-07 -1.693916e-09)
1.38125       	(1.084219e-06 1.154679e-06 -1.638939e-09)	(1.076687e-06 9.461431e-07 5.445181e-11)	(7.531822e-09 2.085357e-07 -1.693391e-09)
1.3875        	(1.125775e-06 1.254422e-06 -1.637455e-09)	(1.117826e-06 1.044448e-06 5.463821e-11)	(7.948773e-09 2.099741e-07 -1.692094e-09)
1.39375       	(9.940985e-07 1.098839e-06 -1.631203e-09)	(9.862621e-07 8.881756e-07 5.427610e-11)	(7.836435e-09 2.106638e-07 -1.685479e-09)
1.4           	(1.065673e-06 1.141866e-06 -1.622456e-09)	(1.057722e-06 9.305308e-07 5.415853e-11)	(7.951045e-09 2.113353e-07 -1.676614e-09)
1.40625       	(1.014184e-06 1.153078e-06 -1.616593e-09)	(1.006208e-06 9.407255e-07 5.451049e-11)	(7.976165e-09 2.123521e-07 -1.671104e-09)
1.4125        	(9.516251e-07 1.163410e-06 -1.613166e-09)	(9.437116e-07 9.497925e-07 5.494267e-11)	(7.913559e-09 2.136170e-07 -1.668108e-09)
1.41875       	(9.664524e-07 1.140954e-06 -1.609957e-09)	(9.587482e-07 9.260894e-07 5.532217e-11)	(7.704236e-09 2.148642e-07 -1.665279e-09)
1.425         	(9.332717e-07 1.186246e-06 -1.606642e-09)	(9.255941e-07 9.698526e-07 5.557786e-11)	(7.677522e-09 2.163932e-07 -1.662220e-09)
1.43125       	(9.459317e-07 1.124310e-06 -1.603767e-09)	(9.382963e-07 9.065077e-07 5.570058e-11)	(7.635459e-09 2.178028e-07 -1.659467e-09)
1.4375        	(9.003624e-07 1.111175e-06 -1.602649e-09)	(8.929561e-07 8.918938e-07 5.599346e-11)	(7.406271e-09 2.192813e-07 -1.658642e-09)
1.44375       	(7.887528e-07 1.184443e-06 -1.599745e-09)	(7.820436e-07 9.631413e-07 5.640786e-11)	(6.709212e-09 2.213013e-07 -1.656153e-09)
1.45          	(8.734689e-07 1.137311e-06 -1.594125e-09)	(8.668760e-07 9.141900e-07 5.646989e-11)	(6.592976e-09 2.231210e-07 -1.650595e-09)
1.45625       	(8.215386e-07 1.120426e-06 -1.587310e-09)	(8.148573e-07 8.954544e-07 5.650885e-11)	(6.681316e-09 2.249715e-07 -1.643819e-09)
1.4625        	(8.121750e-07 1.130608e-06 -1.578837e-09)	(8.057069e-07 9.036235e-07 5.675202e-11)	(6.468130e-09 2.269850e-07 -1.635589e-09)
1.46875       	(8.380119e-07 1.097248e-06 -1.570230e-09)	(8.316289e-07 8.681357e-07 5.660583e-11)	(6.383029e-09 2.291127e-07 -1.626836e-09)
1.475         	(8.118711e-07 1.130913e-06 -1.562364e-09)	(8.055966e-07 8.999283e-07 5.650778e-11)	(6.274468e-09 2.309851e-07 -1.618872e-09)
1.48125       	(6.617468e-07 1.089657e-06 -1.554809e-09)	(6.564009e-07 8.570081e-07 5.649032e-11)	(5.345947e-09 2.326490e-07 -1.611299e-09)
1.4875        	(7.784046e-07 1.163468e-06 -1.551647e-09)	(7.734953e-07 9.289467e-07 5.660648e-11)	(4.909264e-09 2.345212e-07 -1.608253e-09)
1.49375       	(7.264760e-07 1.096068e-06 -1.545760e-09)	(7.220642e-07 8.600635e-07 5.607298e-11)	(4.411765e-09 2.360049e-07 -1.601833e-09)
1.5           	(7.509405e-07 1.087008e-06 -1.533484e-09)	(7.469977e-07 8.500755e-07 5.419150e-11)	(3.942776e-09 2.369324e-07 -1.587675e-09)
1.50625       	(6.441855e-07 1.070780e-06 -1.515277e-09)	(6.412895e-07 8.329977e-07 5.476799e-11)	(2.895980e-09 2.377822e-07 -1.570045e-09)
1.5125        	(7.403716e-07 1.117718e-06 -1.497214e-09)	(7.380888e-07 8.793345e-07 5.784490e-11)	(2.282885e-09 2.383831e-07 -1.555059e-09)
1.51875       	(4.999726e-07 1.076874e-06 -1.483600e-09)	(4.991329e-07 8.382819e-07 5.588936e-11)	(8.396273e-10 2.385922e-07 -1.539490e-09)
1.525         	(6.267434e-07 1.090430e-06 -1.470849e-09)	(6.272061e-07 8.521986e-07 5.573929e-11)	(-4.627903e-10 2.382313e-07 -1.526588e-09)
1.53125       	(5.731641e-07 1.071327e-06 -1.460768e-09)	(5.743475e-07 8.337475e-07 5.588137e-11)	(-1.183399e-09 2.375799e-07 -1.516649e-09)
1.5375        	(5.950576e-07 1.077411e-06 -1.450450e-09)	(5.967535e-07 8.405862e-07 5.616101e-11)	(-1.695909e-09 2.368247e-07 -1.506611e-09)
1.54375       	(3.343067e-07 1.012034e-06 -1.437258e-09)	(3.375983e-07 7.761356e-07 5.685306e-11)	(-3.291602e-09 2.358979e-07 -1.494111e-09)
1.55          	(4.982068e-07 1.108591e-06 -1.420172e-09)	(5.032445e-07 8.725985e-07 5.953484e-11)	(-5.037669e-09 2.359921e-07 -1.479707e-09)
1.55625       	(4.536302e-07 1.066683e-06 -1.399951e-09)	(4.588388e-07 8.319108e-07 6.617426e-11)	(-5.208592e-09 2.347725e-07 -1.466125e-09)
1.5625        	(5.210435e-07 9.953339e-07 -1.398079e-09)	(5.227585e-07 7.651251e-07 4.379096e-11)	(-1.714966e-09 2.302088e-07 -1.441870e-09)
1.56875       	(3.952025e-07 1.031804e-06 -1.379396e-09)	(3.951111e-07 8.053278e-07 4.005021e-11)	(9.142550e-11 2.264763e-07 -1.419446e-09)
1.575         	(5.097416e-07 1.000720e-06 -1.357267e-09)	(5.093082e-07 7.769001e-07 5.215734e-11)	(4.334163e-10 2.238197e-07 -1.409424e-09)
1.58125       	(1.197465e-07 1.046153e-06 -1.346601e-09)	(1.216296e-07 8.242457e-07 5.148206e-11)	(-1.883035e-09 2.219071e-07 -1.398083e-09)
1.5875        	(4.457370e-07 1.009444e-06 -1.329894e-09)	(4.486746e-07 7.897145e-07 5.081320e-11)	(-2.937672e-09 2.197291e-07 -1.380707e-09)
1.59375       	(3.810554e-07 1.030173e-06 -1.311849e-09)	(3.837773e-07 8.131382e-07 5.078151e-11)	(-2.721937e-09 2.170348e-07 -1.362630e-09)
1.6           	(3.658783e-07 1.025836e-06 -1.291771e-09)	(3.684555e-07 8.116506e-07 5.037427e-11)	(-2.577237e-09 2.141857e-07 -1.342146e-09)
1.60625       	(2.507422e-07 9.539342e-07 -1.273979e-09)	(2.534393e-07 7.434249e-07 5.138726e-11)	(-2.697101e-09 2.105093e-07 -1.325366e-09)
1.6125        	(2.959772e-07 9.569764e-07 -1.254543e-09)	(2.982694e-07 7.502062e-07 5.086653e-11)	(-2.292113e-09 2.067703e-07 -1.305410e-09)
1.61875       	(5.622226e-08 1.002007e-06 -1.248852e-09)	(5.964744e-08 7.990964e-07 4.649131e-11)	(-3.425172e-09 2.029107e-07 -1.295343e-09)
1.625         	(2.356093e-07 8.763421e-07 -1.226571e-09)	(2.398850e-07 6.778903e-07 4.705269e-11)	(-4.275655e-09 1.984518e-07 -1.273624e-09)
1.63125       	(2.454442e-07 9.400090e-07 -1.199886e-09)	(2.499777e-07 7.460263e-07 4.658260e-11)	(-4.533540e-09 1.939828e-07 -1.246469e-09)
1.6375        	(2.371117e-07 9.558103e-07 -1.174017e-09)	(2.417563e-07 7.659730e-07 4.663526e-11)	(-4.644617e-09 1.898373e-07 -1.220652e-09)
1.64375       	(1.207198e-07 8.971319e-07 -1.155490e-09)	(1.255469e-07 7.116817e-07 4.495259e-11)	(-4.827054e-09 1.854502e-07 -1.200442e-09)
1.65          	(1.605119e-07 8.978906e-07 -1.134856e-09)	(1.653737e-07 7.170952e-07 4.474368e-11)	(-4.861888e-09 1.807954e-07 -1.179600e-09)
1.65625       	(8.272410e-08 8.472453e-07 -1.115621e-09)	(8.771750e-08 6.712952e-07 4.425066e-11)	(-4.993405e-09 1.759500e-07 -1.159872e-09)
1.6625        	(6.881358e-08 8.862689e-07 -1.100981e-09)	(7.381629e-08 7.146742e-07 4.365406e-11)	(-5.002703e-09 1.715947e-07 -1.144636e-09)
1.66875       	(9.918434e-08 8.400606e-07 -1.095275e-09)	(1.037325e-07 6.706647e-07 4.284690e-11)	(-4.548168e-09 1.693959e-07 -1.138122e-09)
1.675         	(6.340360e-08 9.047665e-07 -1.062541e-09)	(6.698252e-08 7.421186e-07 4.208387e-11)	(-3.578916e-09 1.626479e-07 -1.104624e-09)
1.68125       	(1.270807e-07 8.412894e-07 -1.030768e-09)	(1.295356e-07 6.870647e-07 4.158676e-11)	(-2.454927e-09 1.542248e-07 -1.072354e-09)
1.6875        	(-2.829480e-08 8.211226e-07 -1.014672e-09)	(-2.497460e-08 6.722849e-07 4.121824e-11)	(-3.320203e-09 1.488376e-07 -1.055890e-09)
1.69375       	(3.913167e-08 8.254562e-07 -1.005615e-09)	(4.343399e-08 6.812337e-07 4.060234e-11)	(-4.302322e-09 1.442225e-07 -1.046217e-09)
1.7           	(-1.177204e-08 8.213523e-07 -9.821532e-10)	(-6.995147e-09 6.820132e-07 3.976473e-11)	(-4.776897e-09 1.393391e-07 -1.021918e-09)
1.70625       	(2.190926e-08 7.560444e-07 -9.604291e-10)	(2.706220e-08 6.228191e-07 3.753580e-11)	(-5.152939e-09 1.332253e-07 -9.979649e-10)
1.7125        	(-1.056453e-07 7.745006e-07 -9.425309e-10)	(-9.993871e-08 6.483187e-07 3.810821e-11)	(-5.706593e-09 1.261819e-07 -9.806391e-10)
1.71875       	(-4.553240e-08 7.408157e-07 -9.231990e-10)	(-3.973460e-08 6.210144e-07 3.674448e-11)	(-5.797799e-09 1.198013e-07 -9.599435e-10)
1.725         	(-7.641974e-08 7.422603e-07 -9.014410e-10)	(-7.043889e-08 6.288849e-07 3.778147e-11)	(-5.980849e-09 1.133754e-07 -9.392225e-10)
1.73125       	(-1.235248e-07 7.208602e-07 -8.824059e-10)	(-1.169096e-07 6.134420e-07 3.562325e-11)	(-6.615232e-09 1.074183e-07 -9.180292e-10)
1.7375        	(-1.221694e-07 6.956958e-07 -8.627961e-10)	(-1.150358e-07 5.941352e-07 3.505790e-11)	(-7.133570e-09 1.015606e-07 -8.978540e-10)
1.74375       	(-1.020235e-07 6.728398e-07 -8.400310e-10)	(-9.478503e-08 5.774670e-07 3.442900e-11)	(-7.238469e-09 9.537280e-08 -8.744600e-10)
1.75          	(-1.705012e-07 6.944703e-07 -8.209450e-10)	(-1.628094e-07 6.049984e-07 3.364098e-11)	(-7.691822e-09 8.947193e-08 -8.545860e-10)
1.75625       	(-1.685726e-07 6.499679e-07 -8.024669e-10)	(-1.605450e-07 5.665475e-07 3.281868e-11)	(-8.027634e-09 8.342043e-08 -8.352855e-10)
1.7625        	(-2.039660e-07 6.599714e-07 -7.833669e-10)	(-1.957453e-07 5.826322e-07 3.206026e-11)	(-8.220790e-09 7.733926e-08 -8.154271e-10)
1.76875       	(-2.214213e-07 6.101957e-07 -7.643292e-10)	(-2.131432e-07 5.391003e-07 3.167142e-11)	(-8.278081e-09 7.109545e-08 -7.960006e-10)
1.775         	(-1.765242e-07 5.965031e-07 -7.454863e-10)	(-1.684032e-07 5.317341e-07 3.094852e-11)	(-8.121025e-09 6.476907e-08 -7.764349e-10)
1.78125       	(-2.416952e-07 5.942540e-07 -7.268951e-10)	(-2.334988e-07 5.356545e-07 3.023638e-11)	(-8.196466e-09 5.859946e-08 -7.571314e-10)
1.7875        	(-2.407524e-07 5.629292e-07 -7.068894e-10)	(-2.324615e-07 5.104612e-07 2.950058e-11)	(-8.290938e-09 5.246795e-08 -7.363899e-10)
1.79375       	(-2.093990e-07 5.867339e-07 -6.880762e-10)	(-2.012120e-07 5.401849e-07 2.887983e-11)	(-8.186992e-09 4.654895e-08 -7.169561e-10)
1.8           	(-2.973813e-07 5.642610e-07 -6.700744e-10)	(-2.890677e-07 5.236059e-07 2.806936e-11)	(-8.313630e-09 4.065518e-08 -6.981437e-10)
1.80625       	(-2.637541e-07 4.612709e-07 -6.508169e-10)	(-2.556707e-07 4.271312e-07 2.731406e-11)	(-8.083356e-09 3.413969e-08 -6.781310e-10)
1.8125        	(-2.512084e-07 5.408710e-07 -6.315957e-10)	(-2.435513e-07 5.128953e-07 2.671634e-11)	(-7.657167e-09 2.797574e-08 -6.583120e-10)
1.81875       	(-2.484920e-07 4.837051e-07 -6.150605e-10)	(-2.413719e-07 4.620840e-07 2.625274e-11)	(-7.120095e-09 2.162113e-08 -6.413133e-10)
1.825         	(-2.748472e-07 5.214831e-07 -5.983779e-10)	(-2.682610e-07 5.064054e-07 2.585583e-11)	(-6.586182e-09 1.507770e-08 -6.242338e-10)
1.83125       	(-3.092086e-07 5.043075e-07 -5.801115e-10)	(-3.030879e-07 4.961430e-07 2.514768e-11)	(-6.120719e-09 8.164463e-09 -6.052592e-10)
1.8375        	(-3.234255e-07 4.311175e-07 -5.608271e-10)	(-3.175855e-07 4.300266e-07 2.453069e-11)	(-5.840011e-09 1.090976e-09 -5.853578e-10)
1.84375       	(-2.776089e-07 4.370058e-07 -5.420931e-10)	(-2.723364e-07 4.431147e-07 2.400641e-11)	(-5.272450e-09 -6.108981e-09 -5.660995e-10)
1.85          	(-3.058721e-07 4.190116e-07 -5.231543e-10)	(-3.012134e-07 4.322627e-07 2.346852e-11)	(-4.658663e-09 -1.325112e-08 -5.466228e-10)
1.85625       	(-3.320023e-07 3.712185e-07 -5.040411e-10)	(-3.277880e-07 3.916436e-07 2.299386e-11)	(-4.214333e-09 -2.042505e-08 -5.270350e-10)
1.8625        	(-3.134226e-07 3.308655e-07 -4.846205e-10)	(-3.098428e-07 3.586299e-07 2.256210e-11)	(-3.579812e-09 -2.776448e-08 -5.071826e-10)
1.86875       	(-3.179575e-07 5.130878e-07 -4.653737e-10)	(-3.149256e-07 5.448836e-07 2.198727e-11)	(-3.031876e-09 -3.179584e-08 -4.873610e-10)
1.875         	(-3.712084e-07 3.143934e-07 -4.474588e-10)	(-3.677947e-07 3.524916e-07 2.186486e-11)	(-3.413660e-09 -3.809825e-08 -4.693236e-10)
1.88125       	(-3.835260e-07 3.752028e-07 -4.309236e-10)	(-3.794651e-07 4.200977e-07 2.147065e-11)	(-4.060968e-09 -4.489489e-08 -4.523943e-10)
1.8875        	(-4.519619e-07 3.753007e-07 -4.148444e-10)	(-4.470056e-07 4.258628e-07 2.121450e-11)	(-4.956294e-09 -5.056218e-08 -4.360589e-10)
1.89375       	(-4.391827e-07 3.795079e-07 -3.996383e-10)	(-4.329598e-07 4.350572e-07 2.117203e-11)	(-6.222969e-09 -5.554928e-08 -4.208104e-10)
1.9           	(2.200668e-07 -2.481986e-07 -3.760345e-10)	(2.142196e-07 -1.756023e-07 2.075677e-11)	(5.847210e-09 -7.259626e-08 -3.967913e-10)
1.90625       	(-3.875586e-07 2.722686e-07 -3.578386e-10)	(-3.963609e-07 3.520946e-07 2.014123e-11)	(8.802347e-09 -7.982605e-08 -3.779799e-10)
1.9125        	(-2.337787e-07 1.543687e-07 -3.436380e-10)	(-2.403721e-07 2.369241e-07 1.971499e-11)	(6.593396e-09 -8.255538e-08 -3.633530e-10)
1.91875       	(-3.148517e-07 1.649126e-07 -3.296979e-10)	(-3.201069e-07 2.513561e-07 1.938106e-11)	(5.255208e-09 -8.644356e-08 -3.490790e-10)
1.925         	(1.894938e-07 -3.250257e-07 -3.123979e-10)	(1.762278e-07 -2.255005e-07 1.624991e-11)	(1.326596e-08 -9.952520e-08 -3.286478e-10)
1.93125       	(-3.251149e-07 3.124009e-07 -2.917311e-10)	(-3.381380e-07 4.132309e-07 2.159121e-11)	(1.302309e-08 -1.008300e-07 -3.133223e-10)
1.9375        	(-5.925893e-07 3.535756e-07 -2.856975e-10)	(-5.957575e-07 4.490144e-07 1.837512e-11)	(3.168194e-09 -9.543884e-08 -3.040726e-10)
1.94375       	(-1.952103e-07 -2.290687e-08 -2.737832e-10)	(-1.966245e-07 7.600071e-08 1.755061e-11)	(1.414209e-09 -9.890758e-08 -2.913338e-10)
1.95          	(-3.305460e-07 9.940817e-08 -2.604140e-10)	(-3.326482e-07 2.032470e-07 1.743252e-11)	(2.102176e-09 -1.038388e-07 -2.778465e-10)
1.95625       	(-3.610017e-07 1.414091e-07 -2.485221e-10)	(-3.620558e-07 2.481996e-07 1.702183e-11)	(1.054146e-09 -1.067905e-07 -2.655439e-10)
1.9625        	(-3.558217e-07 1.316021e-07 -2.366048e-10)	(-3.559990e-07 2.413506e-07 1.674552e-11)	(1.772717e-10 -1.097484e-07 -2.533503e-10)
1.96875       	(-2.996752e-07 8.106970e-08 -2.243703e-10)	(-2.999257e-07 1.946357e-07 1.653143e-11)	(2.504986e-10 -1.135659e-07 -2.409018e-10)
1.975         	(-3.315178e-07 7.042940e-08 -2.120273e-10)	(-3.318634e-07 1.879268e-07 1.638133e-11)	(3.456755e-10 -1.174974e-07 -2.284086e-10)
1.98125       	(-3.273466e-07 6.181762e-08 -2.001228e-10)	(-3.278904e-07 1.831793e-07 1.636771e-11)	(5.438370e-10 -1.213617e-07 -2.164905e-10)
1.9875        	(-3.512523e-07 5.595343e-08 -1.887519e-10)	(-3.522895e-07 1.813616e-07 1.626934e-11)	(1.037198e-09 -1.254082e-07 -2.050212e-10)
1.99375       	(-3.792280e-07 -7.159800e-09 -1.805796e-10)	(-3.825067e-07 1.219942e-07 1.653806e-11)	(3.278732e-09 -1.291540e-07 -1.971176e-10)
2             	(-2.589293e-07 7.251185e-09 -1.717318e-10)	(-2.605798e-07 1.409016e-07 1.625157e-11)	(1.650537e-09 -1.336504e-07 -1.879834e-10)
2.00625       	(-2.635178e-07 -2.305532e-08 -1.609204e-10)	(-2.622072e-07 1.151122e-07 1.611405e-11)	(-1.310585e-09 -1.381675e-07 -1.770344e-10)
2.0125        	(-2.466576e-07 -2.810814e-08 -1.491006e-10)	(-2.438223e-07 1.144438e-07 1.597335e-11)	(-2.835333e-09 -1.425519e-07 -1.650739e-10)
2.01875       	(-2.387934e-07 -2.451747e-08 -1.393112e-10)	(-2.351735e-07 1.224941e-07 1.545876e-11)	(-3.619894e-09 -1.470116e-07 -1.547699e-10)
2.025         	(-3.096391e-07 -8.211764e-08 -1.310207e-10)	(-3.060481e-07 6.938844e-08 1.672338e-11)	(-3.590950e-09 -1.515061e-07 -1.477440e-10)
2.03125       	(-2.458341e-07 -7.597808e-08 -1.239489e-10)	(-2.427725e-07 7.989652e-08 1.620040e-11)	(-3.061615e-09 -1.558746e-07 -1.401493e-10)
2.0375        	(-2.444230e-07 -1.103150e-07 -1.161281e-10)	(-2.424403e-07 4.953346e-08 1.631475e-11)	(-1.982773e-09 -1.598485e-07 -1.324428e-10)
2.04375       	(-2.758626e-07 -1.469813e-07 -1.088272e-10)	(-2.755125e-07 1.409679e-08 1.645327e-11)	(-3.500314e-10 -1.610781e-07 -1.252805e-10)
2.05          	(-2.700557e-07 -1.043617e-07 -9.462625e-11)	(-2.717003e-07 6.453607e-08 1.660350e-11)	(1.644672e-09 -1.688978e-07 -1.112297e-10)
2.05625       	(-2.273263e-07 -6.739192e-08 -8.204486e-11)	(-2.304670e-07 1.134837e-07 1.660329e-11)	(3.140636e-09 -1.808756e-07 -9.864815e-11)
2.0625        	(-2.843962e-07 -1.941297e-07 -7.363241e-11)	(-2.857589e-07 -8.035511e-09 1.691263e-11)	(1.362674e-09 -1.860941e-07 -9.054503e-11)
2.06875       	(-2.268096e-07 -2.242894e-07 -7.084932e-11)	(-2.280360e-07 -3.520759e-08 1.744939e-11)	(1.226386e-09 -1.890818e-07 -8.829871e-11)
2.075         	(-2.909445e-07 -2.914980e-07 -6.558354e-11)	(-2.932414e-07 -9.783684e-08 1.796992e-11)	(2.296816e-09 -1.936612e-07 -8.355347e-11)
2.08125       	(-2.043058e-07 -1.786552e-07 -6.606106e-11)	(-2.069582e-07 2.135925e-08 1.755754e-11)	(2.652334e-09 -2.000145e-07 -8.361860e-11)
2.0875        	(-2.372197e-07 -2.329597e-07 -5.548220e-11)	(-2.393646e-07 -2.670391e-08 1.797672e-11)	(2.144919e-09 -2.062558e-07 -7.345893e-11)
2.09375       	(-1.888337e-07 -2.798667e-07 -4.636429e-11)	(-1.910299e-07 -6.869284e-08 1.832216e-11)	(2.196191e-09 -2.111738e-07 -6.468644e-11)
2.1           	(-2.058193e-07 -2.327466e-07 -4.216308e-11)	(-2.081830e-07 -1.625718e-08 1.858504e-11)	(2.363668e-09 -2.164894e-07 -6.074812e-11)
2.10625       	(-1.753428e-07 -2.895147e-07 -3.277683e-11)	(-1.782561e-07 -6.736445e-08 1.902288e-11)	(2.913279e-09 -2.221502e-07 -5.179971e-11)
2.1125        	(-1.820920e-07 -2.908504e-07 -2.548719e-11)	(-1.855849e-07 -6.338089e-08 1.927701e-11)	(3.492910e-09 -2.274695e-07 -4.476420e-11)
2.11875       	(-2.733563e-07 -3.084608e-07 -2.606463e-11)	(-2.769359e-07 -7.549107e-08 1.959718e-11)	(3.579641e-09 -2.329698e-07 -4.566181e-11)
2.125         	(-2.483284e-07 -3.094282e-07 -2.177843e-11)	(-2.522674e-07 -7.099209e-08 1.989922e-11)	(3.938972e-09 -2.384361e-07 -4.167765e-11)
2.13125       	(-2.763403e-07 -3.599438e-07 -1.918117e-11)	(-2.808924e-07 -1.156202e-07 2.031863e-11)	(4.552119e-09 -2.443236e-07 -3.949980e-11)
2.1375        	(-1.918260e-07 -3.360081e-07 -1.794836e-11)	(-1.974244e-07 -8.579406e-08 2.084033e-11)	(5.598367e-09 -2.502140e-07 -3.878869e-11)
2.14375       	(-2.817094e-07 -4.131979e-07 -1.349191e-11)	(-2.882628e-07 -1.570082e-07 2.102800e-11)	(6.553344e-09 -2.561897e-07 -3.451991e-11)
2.15          	(-2.360206e-07 -3.725656e-07 6.858694e-14)	(-2.433063e-07 -1.104740e-07 2.148961e-11)	(7.285735e-09 -2.620916e-07 -2.142102e-11)
2.15625       	(-2.494971e-07 -3.798502e-07 2.007781e-11)	(-2.576920e-07 -1.118766e-07 2.196430e-11)	(8.194874e-09 -2.679736e-07 -1.886487e-12)
2.1625        	(-1.719181e-07 -4.089410e-07 3.655845e-11)	(-1.809894e-07 -1.348591e-07 2.255910e-11)	(9.071230e-09 -2.740820e-07 1.399936e-11)
2.16875       	(-2.596456e-07 -3.818346e-07 4.723208e-11)	(-2.696995e-07 -1.016076e-07 2.288209e-11)	(1.005393e-08 -2.802269e-07 2.435000e-11)
2.175         	(-3.378616e-07 -4.815478e-07 5.709362e-11)	(-3.489023e-07 -1.950025e-07 2.332504e-11)	(1.104074e-08 -2.865453e-07 3.376857e-11)
2.18125       	(-2.527961e-07 -4.547518e-07 6.412827e-11)	(-2.648636e-07 -1.617118e-07 2.384023e-11)	(1.206749e-08 -2.930400e-07 4.028804e-11)
2.1875        	(-3.248146e-07 -4.606463e-07 6.765801e-11)	(-3.379283e-07 -1.609918e-07 2.447010e-11)	(1.311363e-08 -2.996544e-07 4.318791e-11)
2.19375       	(-2.086191e-07 -4.628337e-07 7.004377e-11)	(-2.229165e-07 -1.569573e-07 2.502347e-11)	(1.429733e-08 -3.058764e-07 4.502031e-11)
2.2           	(-3.212710e-07 -4.801270e-07 7.244881e-11)	(-3.365191e-07 -1.679999e-07 2.565218e-11)	(1.524811e-08 -3.121271e-07 4.679663e-11)
2.20625       	(-2.797502e-07 -5.304033e-07 7.503617e-11)	(-2.960579e-07 -2.114313e-07 2.630745e-11)	(1.630774e-08 -3.189719e-07 4.872872e-11)
2.2125        	(-2.482818e-07 -4.915053e-07 7.731451e-11)	(-2.660590e-07 -1.655156e-07 2.696594e-11)	(1.777720e-08 -3.259897e-07 5.034857e-11)
2.21875       	(-2.802000e-07 -5.448165e-07 8.087026e-11)	(-2.993848e-07 -2.114386e-07 2.764436e-11)	(1.918472e-08 -3.333779e-07 5.322590e-11)
2.225         	(-3.469274e-07 -5.484984e-07 8.387266e-11)	(-3.674374e-07 -2.076391e-07 2.821114e-11)	(2.050996e-08 -3.408593e-07 5.566153e-11)
2.23125       	(-3.511083e-07 -5.696260e-07 8.577250e-11)	(-3.729166e-07 -2.210415e-07 2.903872e-11)	(2.180830e-08 -3.485845e-07 5.673377e-11)
2.2375        	(-3.204898e-07 -5.557285e-07 8.793077e-11)	(-3.438977e-07 -1.992857e-07 2.976410e-11)	(2.340793e-08 -3.564428e-07 5.816667e-11)
2.24375       	(-4.095084e-07 -6.146567e-07 9.080795e-11)	(-4.344375e-07 -2.501301e-07 3.049887e-11)	(2.492912e-08 -3.645266e-07 6.030908e-11)
2.25          	(-4.788776e-07 -6.336701e-07 9.392160e-11)	(-5.052185e-07 -2.608009e-07 3.121512e-11)	(2.634088e-08 -3.728691e-07 6.270649e-11)
2.25625       	(-3.620042e-07 -5.964286e-07 9.705375e-11)	(-3.902826e-07 -2.151023e-07 3.211897e-11)	(2.827845e-08 -3.813262e-07 6.493478e-11)
2.2625        	(-4.254434e-07 -6.355794e-07 9.943419e-11)	(-4.559212e-07 -2.454317e-07 3.279306e-11)	(3.047780e-08 -3.901477e-07 6.664114e-11)
2.26875       	(-3.637505e-07 -6.569112e-07 1.021888e-10)	(-3.966592e-07 -2.575782e-07 3.375842e-11)	(3.290873e-08 -3.993330e-07 6.843036e-11)
2.275         	(-4.319873e-07 -6.976014e-07 1.039383e-10)	(-4.670649e-07 -2.887635e-07 3.472160e-11)	(3.507757e-08 -4.088379e-07 6.921674e-11)
2.28125       	(-4.311417e-07 -6.792703e-07 1.049967e-10)	(-4.683669e-07 -2.609275e-07 3.593458e-11)	(3.722523e-08 -4.183429e-07 6.906216e-11)
2.2875        	(-4.707487e-07 -7.067275e-07 1.068648e-10)	(-5.101556e-07 -2.787270e-07 3.666288e-11)	(3.940694e-08 -4.280005e-07 7.020193e-11)
2.29375       	(-4.947532e-07 -7.410682e-07 1.083884e-10)	(-5.365003e-07 -3.031543e-07 3.775959e-11)	(4.174702e-08 -4.379139e-07 7.062880e-11)
2.3           	(-5.190427e-07 -7.664149e-07 1.095731e-10)	(-5.631331e-07 -3.182009e-07 3.869386e-11)	(4.409034e-08 -4.482140e-07 7.087922e-11)
2.30625       	(-5.373216e-07 -7.758562e-07 1.109019e-10)	(-5.839508e-07 -3.172575e-07 3.967734e-11)	(4.662921e-08 -4.585987e-07 7.122457e-11)
2.3125        	(-5.547884e-07 -7.595522e-07 1.125520e-10)	(-6.039352e-07 -2.905015e-07 4.073782e-11)	(4.914680e-08 -4.690507e-07 7.181421e-11)
2.31875       	(-5.604973e-07 -7.852613e-07 1.135325e-10)	(-6.122366e-07 -3.055202e-07 4.175977e-11)	(5.173931e-08 -4.797410e-07 7.177275e-11)
2.325         	(-6.006967e-07 -8.057673e-07 1.147253e-10)	(-6.550372e-07 -3.148999e-07 4.298651e-11)	(5.434052e-08 -4.908674e-07 7.173879e-11)
2.33125       	(-6.287262e-07 -8.283739e-07 1.161761e-10)	(-6.857380e-07 -3.223888e-07 4.417798e-11)	(5.701181e-08 -5.059852e-07 7.199812e-11)
2.3375        	(-6.621006e-07 -8.738414e-07 1.171556e-10)	(-7.201892e-07 -3.493286e-07 4.528954e-11)	(5.808855e-08 -5.245128e-07 7.186605e-11)
2.34375       	(-6.804842e-07 -8.615860e-07 1.175052e-10)	(-7.379016e-07 -3.198789e-07 4.657467e-11)	(5.741740e-08 -5.417071e-07 7.093056e-11)
2.35          	(-7.383848e-07 -9.284304e-07 1.232498e-10)	(-7.960347e-07 -3.714186e-07 4.802597e-11)	(5.764998e-08 -5.570118e-07 7.522380e-11)
2.35625       	(-6.872395e-07 -8.698601e-07 1.357477e-10)	(-7.467385e-07 -2.985373e-07 4.917034e-11)	(5.949904e-08 -5.713229e-07 8.657735e-11)
2.3625        	(-7.791609e-07 -9.440812e-07 1.467977e-10)	(-8.409673e-07 -3.584589e-07 5.036946e-11)	(6.180638e-08 -5.856224e-07 9.642824e-11)
2.36875       	(-8.124606e-07 -9.750267e-07 1.515453e-10)	(-8.769070e-07 -3.748842e-07 5.168342e-11)	(6.444638e-08 -6.001425e-07 9.986191e-11)
2.375         	(-8.596277e-07 -9.866995e-07 1.534879e-10)	(-9.271780e-07 -3.719197e-07 5.308071e-11)	(6.755039e-08 -6.147798e-07 1.004072e-10)
2.38125       	(-8.794609e-07 -1.016283e-06 1.553761e-10)	(-9.505181e-07 -3.866487e-07 5.448220e-11)	(7.105719e-08 -6.296340e-07 1.008939e-10)
2.3875        	(-9.130363e-07 -1.044147e-06 1.564163e-10)	(-9.878164e-07 -3.993488e-07 5.587101e-11)	(7.478008e-08 -6.447987e-07 1.005453e-10)
2.39375       	(-9.277299e-07 -1.038436e-06 1.580664e-10)	(-1.006648e-06 -3.782418e-07 5.732827e-11)	(7.891851e-08 -6.601945e-07 1.007381e-10)
2.4           	(-9.791570e-07 -1.060733e-06 1.623896e-10)	(-1.062148e-06 -3.847439e-07 5.902562e-11)	(8.299107e-08 -6.759893e-07 1.033639e-10)
2.40625       	(-1.049578e-06 -1.111551e-06 1.652786e-10)	(-1.136680e-06 -4.192265e-07 6.053506e-11)	(8.710226e-08 -6.923245e-07 1.047436e-10)
2.4125        	(-1.047963e-06 -1.101613e-06 1.658223e-10)	(-1.139694e-06 -3.926512e-07 6.194578e-11)	(9.173081e-08 -7.089615e-07 1.038765e-10)
2.41875       	(-1.060501e-06 -1.114110e-06 1.665664e-10)	(-1.156912e-06 -3.880843e-07 6.347325e-11)	(9.641173e-08 -7.260259e-07 1.030931e-10)
2.425         	(-1.111931e-06 -1.156309e-06 1.729760e-10)	(-1.212743e-06 -4.128380e-07 6.503662e-11)	(1.008120e-07 -7.434710e-07 1.079393e-10)
2.43125       	(-1.140705e-06 -1.133314e-06 1.838753e-10)	(-1.246643e-06 -3.719590e-07 6.666280e-11)	(1.059382e-07 -7.613550e-07 1.172125e-10)
2.4375        	(-1.235056e-06 -1.240616e-06 1.887232e-10)	(-1.346192e-06 -4.608688e-07 6.831157e-11)	(1.111362e-07 -7.797471e-07 1.204116e-10)
2.44375       	(-1.275497e-06 -1.221324e-06 1.903730e-10)	(-1.392062e-06 -4.227497e-07 6.990783e-11)	(1.165650e-07 -7.985744e-07 1.204652e-10)
2.45          	(-1.288519e-06 -1.233080e-06 1.948448e-10)	(-1.410879e-06 -4.152839e-07 7.176962e-11)	(1.223599e-07 -8.177962e-07 1.230751e-10)
2.45625       	(-1.187403e-06 -1.202288e-06 1.997179e-10)	(-1.316457e-06 -3.650168e-07 7.374356e-11)	(1.290545e-07 -8.372714e-07 1.259743e-10)
2.4625        	(-1.347673e-06 -1.255260e-06 2.068612e-10)	(-1.482833e-06 -3.979274e-07 7.530555e-11)	(1.351607e-07 -8.573321e-07 1.315556e-10)
2.46875       	(-1.403324e-06 -1.313636e-06 2.145826e-10)	(-1.544559e-06 -4.354688e-07 7.703395e-11)	(1.412344e-07 -8.781677e-07 1.375487e-10)
2.475         	(-1.449020e-06 -1.328949e-06 2.213974e-10)	(-1.596500e-06 -4.293307e-07 7.884400e-11)	(1.474803e-07 -8.996182e-07 1.425534e-10)
2.48125       	(-1.472202e-06 -1.312004e-06 2.263110e-10)	(-1.626373e-06 -3.905012e-07 8.060668e-11)	(1.541715e-07 -9.215024e-07 1.457043e-10)
2.4875        	(-1.599499e-06 -1.429561e-06 2.322404e-10)	(-1.760377e-06 -4.851142e-07 8.250541e-11)	(1.608778e-07 -9.444468e-07 1.497350e-10)
2.49375       	(-1.640758e-06 -1.428272e-06 2.408584e-10)	(-1.808248e-06 -4.597705e-07 8.426618e-11)	(1.674893e-07 -9.685016e-07 1.565922e-10)
2.5           	(-1.672900e-06 -1.478092e-06 2.489237e-10)	(-1.847372e-06 -4.845896e-07 8.630613e-11)	(1.744720e-07 -9.935019e-07 1.626176e-10)
2.50625       	(-1.684257e-06 -1.464818e-06 2.565310e-10)	(-1.866135e-06 -4.458354e-07 8.843259e-11)	(1.818778e-07 -1.018982e-06 1.680984e-10)
2.5125        	(-1.740243e-06 -1.462800e-06 2.654399e-10)	(-1.929746e-06 -4.179533e-07 9.022642e-11)	(1.895030e-07 -1.044847e-06 1.752134e-10)
2.51875       	(-1.813321e-06 -1.527948e-06 2.726936e-10)	(-2.010746e-06 -4.565891e-07 9.222698e-11)	(1.974246e-07 -1.071359e-06 1.804667e-10)
2.525         	(-1.885534e-06 -1.547301e-06 2.810954e-10)	(-2.091156e-06 -4.488073e-07 9.421859e-11)	(2.056223e-07 -1.098494e-06 1.868768e-10)
2.53125       	(-1.920079e-06 -1.577263e-06 2.910146e-10)	(-2.134274e-06 -4.510732e-07 9.620587e-11)	(2.141949e-07 -1.126190e-06 1.948087e-10)
2.5375        	(-1.953952e-06 -1.572296e-06 2.997119e-10)	(-2.177330e-06 -4.178916e-07 9.826723e-11)	(2.233780e-07 -1.154405e-06 2.014447e-10)
2.54375       	(-2.121381e-06 -1.688010e-06 3.073450e-10)	(-2.353745e-06 -5.046662e-07 1.001042e-10)	(2.323635e-07 -1.183344e-06 2.072408e-10)
2.55          	(-2.130924e-06 -1.736544e-06 3.145499e-10)	(-2.372797e-06 -5.231473e-07 1.024391e-10)	(2.418730e-07 -1.213397e-06 2.121109e-10)
2.55625       	(-2.117802e-06 -1.660677e-06 3.270685e-10)	(-2.370316e-06 -4.169186e-07 1.044937e-10)	(2.525137e-07 -1.243759e-06 2.225748e-10)
2.5625        	(-2.162697e-06 -1.697987e-06 3.371031e-10)	(-2.426872e-06 -4.230534e-07 1.065375e-10)	(2.641754e-07 -1.274934e-06 2.305656e-10)
2.56875       	(-2.268285e-06 -1.786482e-06 3.487157e-10)	(-2.544544e-06 -4.791586e-07 1.086545e-10)	(2.762592e-07 -1.307324e-06 2.400612e-10)
2.575         	(-2.332027e-06 -1.788259e-06 3.572055e-10)	(-2.620665e-06 -4.478192e-07 1.108716e-10)	(2.886377e-07 -1.340440e-06 2.463339e-10)
2.58125       	(-2.399462e-06 -1.823881e-06 3.647657e-10)	(-2.700709e-06 -4.496296e-07 1.129245e-10)	(3.012465e-07 -1.374251e-06 2.518412e-10)
2.5875        	(-2.449944e-06 -1.875551e-06 3.724314e-10)	(-2.764026e-06 -4.664751e-07 1.149635e-10)	(3.140822e-07 -1.409076e-06 2.574679e-10)
2.59375       	(-2.522151e-06 -1.825341e-06 3.774766e-10)	(-2.849625e-06 -3.808428e-07 1.173546e-10)	(3.274740e-07 -1.444498e-06 2.601220e-10)
2.6           	(-2.583875e-06 -1.981909e-06 3.828330e-10)	(-2.925358e-06 -5.009720e-07 1.196811e-10)	(3.414829e-07 -1.480937e-06 2.631519e-10)
2.60625       	(-2.646696e-06 -1.962237e-06 3.942011e-10)	(-3.002467e-06 -4.441086e-07 1.217016e-10)	(3.557702e-07 -1.518129e-06 2.724995e-10)
2.6125        	(-2.702469e-06 -1.984564e-06 4.073617e-10)	(-3.072614e-06 -4.284948e-07 1.239358e-10)	(3.701451e-07 -1.556069e-06 2.834259e-10)
2.61875       	(-2.763916e-06 -2.041788e-06 4.200177e-10)	(-3.148824e-06 -4.467598e-07 1.262153e-10)	(3.849081e-07 -1.595028e-06 2.938024e-10)
2.625         	(-2.868387e-06 -2.052166e-06 4.284021e-10)	(-3.268765e-06 -4.172545e-07 1.284349e-10)	(4.003786e-07 -1.634912e-06 2.999671e-10)
2.63125       	(-2.948461e-06 -2.099478e-06 4.387083e-10)	(-3.364636e-06 -4.235740e-07 1.307545e-10)	(4.161744e-07 -1.675904e-06 3.079538e-10)
2.6375        	(-3.029896e-06 -2.176708e-06 4.489038e-10)	(-3.462263e-06 -4.586439e-07 1.329990e-10)	(4.323667e-07 -1.718064e-06 3.159048e-10)
2.64375       	(-3.083180e-06 -2.273001e-06 4.516752e-10)	(-3.533779e-06 -5.115199e-07 1.331350e-10)	(4.505988e-07 -1.761481e-06 3.185402e-10)
2.65          	(-3.099729e-06 -2.203004e-06 4.655061e-10)	(-3.572705e-06 -3.976830e-07 1.354571e-10)	(4.729752e-07 -1.805321e-06 3.300490e-10)
2.65625       	(-3.057615e-06 -2.285598e-06 4.782839e-10)	(-3.558277e-06 -4.324982e-07 1.364666e-10)	(5.006613e-07 -1.853099e-06 3.418172e-10)
2.6625        	(-3.191932e-06 -2.380785e-06 5.004037e-10)	(-3.721705e-06 -4.761438e-07 1.454570e-10)	(5.297729e-07 -1.904641e-06 3.549467e-10)
2.66875       	(-3.223980e-06 -2.416073e-06 5.167117e-10)	(-3.780906e-06 -4.597398e-07 1.491113e-10)	(5.569265e-07 -1.956334e-06 3.676004e-10)
2.675         	(-3.330675e-06 -2.450397e-06 5.322290e-10)	(-3.912763e-06 -4.413785e-07 1.509449e-10)	(5.820876e-07 -2.009018e-06 3.812840e-10)
2.68125       	(-3.500840e-06 -2.541954e-06 5.480179e-10)	(-4.106449e-06 -4.804517e-07 1.530322e-10)	(6.056086e-07 -2.061502e-06 3.949857e-10)
2.6875        	(-3.526238e-06 -2.497298e-06 5.631813e-10)	(-4.155124e-06 -3.838503e-07 1.554778e-10)	(6.288861e-07 -2.113447e-06 4.077036e-10)
2.69375       	(-3.672141e-06 -2.573371e-06 5.771605e-10)	(-4.323769e-06 -4.079343e-07 1.576306e-10)	(6.516282e-07 -2.165436e-06 4.195299e-10)
2.7           	(-3.784725e-06 -2.541353e-06 5.924338e-10)	(-4.458204e-06 -3.245755e-07 1.598740e-10)	(6.734790e-07 -2.216778e-06 4.325597e-10)
2.70625       	(-3.675391e-06 -2.731176e-06 6.131177e-10)	(-4.374763e-06 -4.563900e-07 1.630884e-10)	(6.993719e-07 -2.274786e-06 4.500293e-10)
2.7125        	(-3.485103e-06 -3.169384e-06 6.259221e-10)	(-4.219123e-06 -8.253511e-07 1.643250e-10)	(7.340202e-07 -2.344032e-06 4.615971e-10)
2.71875       	(-3.829839e-06 -2.878099e-06 6.354244e-10)	(-4.591821e-06 -4.732328e-07 1.669651e-10)	(7.619822e-07 -2.404866e-06 4.684593e-10)
2.725         	(-3.886675e-06 -3.033596e-06 6.497301e-10)	(-4.673359e-06 -5.707292e-07 1.690358e-10)	(7.866835e-07 -2.462867e-06 4.806943e-10)
2.73125       	(-3.974479e-06 -3.124740e-06 6.685607e-10)	(-4.786671e-06 -6.022509e-07 1.712823e-10)	(8.121916e-07 -2.522489e-06 4.972785e-10)
2.7375        	(-4.055539e-06 -3.164714e-06 6.795829e-10)	(-4.893582e-06 -5.819307e-07 1.735380e-10)	(8.380426e-07 -2.582783e-06 5.060449e-10)
2.74375       	(-3.967865e-06 -3.658625e-06 6.931549e-10)	(-4.837898e-06 -1.005815e-06 1.763134e-10)	(8.700333e-07 -2.652811e-06 5.168415e-10)
2.75          	(-4.203610e-06 -3.484941e-06 6.981989e-10)	(-5.101008e-06 -7.637542e-07 1.772013e-10)	(8.973986e-07 -2.721187e-06 5.209976e-10)
2.75625       	(-4.279389e-06 -3.417709e-06 7.099893e-10)	(-5.201217e-06 -6.377526e-07 1.802862e-10)	(9.218282e-07 -2.779956e-06 5.297032e-10)
2.7625        	(-4.324067e-06 -3.509825e-06 7.334672e-10)	(-5.272688e-06 -6.674823e-07 1.820044e-10)	(9.486207e-07 -2.842343e-06 5.514629e-10)
2.76875       	(-4.435466e-06 -3.651574e-06 7.447929e-10)	(-5.411241e-06 -7.435225e-07 1.841122e-10)	(9.757741e-07 -2.908051e-06 5.606807e-10)
2.775         	(-4.496380e-06 -3.621686e-06 7.490831e-10)	(-5.499815e-06 -6.469021e-07 1.860954e-10)	(1.003435e-06 -2.974783e-06 5.629877e-10)
2.78125       	(-4.658197e-06 -3.809421e-06 7.588408e-10)	(-5.689480e-06 -7.662862e-07 1.882491e-10)	(1.031284e-06 -3.043134e-06 5.705918e-10)
2.7875        	(-4.750756e-06 -3.899857e-06 7.751042e-10)	(-5.810157e-06 -7.876073e-07 1.901379e-10)	(1.059401e-06 -3.112250e-06 5.849664e-10)
2.79375       	(-4.872560e-06 -3.969812e-06 7.943399e-10)	(-5.960203e-06 -7.869244e-07 1.918191e-10)	(1.087643e-06 -3.182888e-06 6.025208e-10)
2.8           	(-4.867890e-06 -3.982018e-06 8.015451e-10)	(-5.983996e-06 -7.278716e-07 1.937457e-10)	(1.116106e-06 -3.254146e-06 6.077994e-10)
2.80625       	(-5.032301e-06 -4.164308e-06 8.098616e-10)	(-6.176542e-06 -8.379311e-07 1.956787e-10)	(1.144241e-06 -3.326377e-06 6.141829e-10)
2.8125        	(-5.107423e-06 -4.274035e-06 8.259410e-10)	(-6.280210e-06 -8.737331e-07 1.975094e-10)	(1.172787e-06 -3.400302e-06 6.284316e-10)
2.81875       	(-5.261898e-06 -4.370385e-06 8.304899e-10)	(-6.463541e-06 -8.945231e-07 1.991518e-10)	(1.201643e-06 -3.475862e-06 6.313381e-10)
2.825         	(-5.429751e-06 -4.502844e-06 8.350007e-10)	(-6.660274e-06 -9.503498e-07 2.008749e-10)	(1.230524e-06 -3.552494e-06 6.341257e-10)
2.83125       	(-5.495833e-06 -4.575114e-06 8.464184e-10)	(-6.754987e-06 -9.459355e-07 2.025068e-10)	(1.259154e-06 -3.629179e-06 6.439117e-10)
2.8375        	(-5.611664e-06 -4.718732e-06 8.528378e-10)	(-6.899351e-06 -1.012218e-06 2.040626e-10)	(1.287687e-06 -3.706514e-06 6.487752e-10)
2.84375       	(-5.736268e-06 -4.780777e-06 8.502892e-10)	(-7.052386e-06 -9.956455e-07 2.055960e-10)	(1.316118e-06 -3.785132e-06 6.446932e-10)
2.85          	(-5.891986e-06 -4.975906e-06 8.530160e-10)	(-7.236748e-06 -1.110903e-06 2.070048e-10)	(1.344762e-06 -3.865002e-06 6.460111e-10)
2.85625       	(-6.018679e-06 -5.109190e-06 8.562031e-10)	(-7.392184e-06 -1.163487e-06 2.085886e-10)	(1.373505e-06 -3.945703e-06 6.476145e-10)
2.8625        	(-6.172000e-06 -5.237889e-06 8.550752e-10)	(-7.574039e-06 -1.210887e-06 2.100454e-10)	(1.402039e-06 -4.027001e-06 6.450298e-10)
2.86875       	(-6.305894e-06 -5.309735e-06 8.505412e-10)	(-7.736288e-06 -1.201071e-06 2.113029e-10)	(1.430394e-06 -4.108664e-06 6.392383e-10)
2.875         	(-6.469415e-06 -5.485769e-06 8.528130e-10)	(-7.927834e-06 -1.294796e-06 2.125403e-10)	(1.458419e-06 -4.190974e-06 6.402727e-10)
2.88125       	(-6.716678e-06 -5.571976e-06 8.550052e-10)	(-8.202498e-06 -1.298829e-06 2.136756e-10)	(1.485820e-06 -4.273147e-06 6.413296e-10)
2.8875        	(-6.949961e-06 -5.691229e-06 8.544236e-10)	(-8.462083e-06 -1.336118e-06 2.146630e-10)	(1.512123e-06 -4.355112e-06 6.397606e-10)
2.89375       	(-7.208273e-06 -5.795129e-06 8.464370e-10)	(-8.746021e-06 -1.357004e-06 2.158789e-10)	(1.537747e-06 -4.438125e-06 6.305581e-10)
2.9           	(-7.554605e-06 -5.590686e-06 8.311883e-10)	(-9.116368e-06 -1.059522e-06 2.104999e-10)	(1.561762e-06 -4.531164e-06 6.206883e-10)
2.90625       	(-7.344696e-06 -6.367577e-06 8.037456e-10)	(-8.945199e-06 -1.742847e-06 2.053512e-10)	(1.600502e-06 -4.624730e-06 5.983944e-10)
2.9125        	(-6.564943e-06 -7.422007e-06 8.140297e-10)	(-8.224981e-06 -2.688528e-06 2.172553e-10)	(1.660038e-06 -4.733479e-06 5.967743e-10)
2.91875       	(-7.375351e-06 -6.365916e-06 8.180626e-10)	(-9.065777e-06 -1.551157e-06 2.212821e-10)	(1.690426e-06 -4.814759e-06 5.967805e-10)
2.925         	(-7.651036e-06 -6.982276e-06 8.088153e-10)	(-9.356016e-06 -2.083254e-06 2.194728e-10)	(1.704980e-06 -4.899022e-06 5.893425e-10)
2.93125       	(-7.710497e-06 -7.046197e-06 7.981520e-10)	(-9.435689e-06 -2.057299e-06 2.191033e-10)	(1.725192e-06 -4.988898e-06 5.790487e-10)
2.9375        	(-7.990400e-06 -7.281820e-06 7.836837e-10)	(-9.735921e-06 -2.204740e-06 2.201540e-10)	(1.745521e-06 -5.077081e-06 5.635297e-10)
2.94375       	(-8.134010e-06 -7.456351e-06 7.578001e-10)	(-9.899701e-06 -2.289186e-06 2.200117e-10)	(1.765691e-06 -5.167164e-06 5.377884e-10)
2.95          	(-8.430582e-06 -7.640107e-06 7.302829e-10)	(-1.021612e-05 -2.381649e-06 2.194971e-10)	(1.785539e-06 -5.258458e-06 5.107858e-10)
2.95625       	(-8.424514e-06 -8.172771e-06 7.020559e-10)	(-1.023130e-05 -2.817210e-06 2.160327e-10)	(1.806790e-06 -5.355561e-06 4.860232e-10)
2.9625        	(-7.892487e-06 -9.226133e-06 7.158600e-10)	(-9.728612e-06 -3.757343e-06 2.384667e-10)	(1.836124e-06 -5.468790e-06 4.773933e-10)
2.96875       	(-8.714442e-06 -8.743578e-06 6.951466e-10)	(-1.056502e-05 -3.180799e-06 2.189477e-10)	(1.850580e-06 -5.562779e-06 4.761989e-10)
2.975         	(-9.078791e-06 -8.300207e-06 6.840442e-10)	(-1.093513e-05 -2.660838e-06 2.224600e-10)	(1.856343e-06 -5.639370e-06 4.615842e-10)
2.98125       	(-9.304200e-06 -9.269041e-06 6.305736e-10)	(-1.118173e-05 -3.544125e-06 2.267778e-10)	(1.877534e-06 -5.724916e-06 4.037958e-10)
2.9875        	(-9.540374e-06 -9.109039e-06 5.879120e-10)	(-1.142964e-05 -3.286958e-06 2.222428e-10)	(1.889265e-06 -5.822081e-06 3.656691e-10)
2.99375       	(-9.737977e-06 -9.289651e-06 5.596432e-10)	(-1.163654e-05 -3.370430e-06 2.212111e-10)	(1.898560e-06 -5.919221e-06 3.384322e-10)
3             	(-9.984329e-06 -9.514663e-06 5.368730e-10)	(-1.188647e-05 -3.489465e-06 2.204214e-10)	(1.902137e-06 -6.025199e-06 3.164516e-10)
3.00625       	(-1.031557e-05 -9.746262e-06 5.043146e-10)	(-1.222796e-05 -3.622465e-06 2.173875e-10)	(1.912388e-06 -6.123797e-06 2.869272e-10)
3.0125        	(-1.054026e-05 -9.920074e-06 4.428889e-10)	(-1.246653e-05 -3.700065e-06 2.175553e-10)	(1.926276e-06 -6.220009e-06 2.253336e-10)
3.01875       	(-1.074302e-05 -1.028676e-05 4.027396e-10)	(-1.268607e-05 -3.963807e-06 2.149490e-10)	(1.943049e-06 -6.322955e-06 1.877906e-10)
3.025         	(-1.122544e-05 -1.034271e-05 3.260620e-10)	(-1.318133e-05 -3.918755e-06 2.161321e-10)	(1.955898e-06 -6.423951e-06 1.099299e-10)
3.03125       	(-1.148786e-05 -1.052901e-05 3.157601e-10)	(-1.343750e-05 -4.021905e-06 2.189755e-10)	(1.949636e-06 -6.507105e-06 9.678461e-11)
3.0375        	(-1.132613e-05 -1.084483e-05 3.067186e-10)	(-1.328105e-05 -4.248978e-06 2.142716e-10)	(1.954922e-06 -6.595852e-06 9.244707e-11)
3.04375       	(-1.208687e-05 -1.122439e-05 2.596261e-10)	(-1.405223e-05 -4.532202e-06 2.138995e-10)	(1.965360e-06 -6.692186e-06 4.572660e-11)
3.05          	(-1.230299e-05 -1.137482e-05 2.062378e-10)	(-1.427086e-05 -4.584758e-06 2.132223e-10)	(1.967868e-06 -6.790062e-06 -6.984473e-12)
3.05625       	(-1.265536e-05 -1.160285e-05 1.654828e-10)	(-1.462125e-05 -4.715607e-06 2.120872e-10)	(1.965894e-06 -6.887248e-06 -4.660444e-11)
3.0625        	(-1.301608e-05 -1.189118e-05 1.281307e-10)	(-1.497699e-05 -4.908090e-06 2.104383e-10)	(1.960915e-06 -6.983090e-06 -8.230759e-11)
3.06875       	(-1.336482e-05 -1.220589e-05 8.477088e-11)	(-1.531940e-05 -5.126521e-06 2.095460e-10)	(1.954583e-06 -7.079368e-06 -1.247752e-10)
3.075         	(-1.373330e-05 -1.237570e-05 3.287289e-11)	(-1.567785e-05 -5.200546e-06 2.090634e-10)	(1.944549e-06 -7.175149e-06 -1.761905e-10)
3.08125       	(-1.407551e-05 -1.262790e-05 -2.020990e-11)	(-1.601050e-05 -5.359540e-06 2.081390e-10)	(1.934988e-06 -7.268362e-06 -2.283489e-10)
3.0875        	(-1.445142e-05 -1.296213e-05 -8.850904e-11)	(-1.637534e-05 -5.602280e-06 2.071055e-10)	(1.923919e-06 -7.359850e-06 -2.956145e-10)
3.09375       	(-1.478867e-05 -1.296283e-05 -1.354880e-10)	(-1.669515e-05 -5.511381e-06 2.063576e-10)	(1.906484e-06 -7.451449e-06 -3.418456e-10)
3.1           	(-1.520479e-05 -1.331342e-05 -1.978833e-10)	(-1.709059e-05 -5.772679e-06 2.039748e-10)	(1.885801e-06 -7.540743e-06 -4.018581e-10)
3.10625       	(-1.551616e-05 -1.367374e-05 -2.791986e-10)	(-1.738095e-05 -6.042199e-06 2.010479e-10)	(1.864787e-06 -7.631539e-06 -4.802465e-10)
3.1125        	(-1.595482e-05 -1.383161e-05 -3.430315e-10)	(-1.779310e-05 -6.112161e-06 2.009331e-10)	(1.838276e-06 -7.719445e-06 -5.439646e-10)
3.11875       	(-1.632533e-05 -1.403675e-05 -3.877178e-10)	(-1.813219e-05 -6.234459e-06 1.948791e-10)	(1.806859e-06 -7.802291e-06 -5.825969e-10)
3.125         	(-1.694867e-05 -1.406854e-05 -4.455214e-10)	(-1.872052e-05 -6.182607e-06 1.992394e-10)	(1.771856e-06 -7.885934e-06 -6.447608e-10)
